                                            First-order      Norm of
 Iter F-count            f(x)  Feasibility   optimality         step
    0      51    8.707945e+02    0.000e+00    1.054e+02
    1     106    3.351075e+02    1.336e+00    2.948e+01    7.071e+00
    2     160    2.326375e+02    1.679e+00    2.978e+01    3.536e+00
    3     213    2.068925e+02    1.874e+00    3.967e+01    5.828e+00
    4     265    1.941727e+02    1.262e+00    1.857e+01    3.242e+00
    5     319    1.873534e+02    1.162e+00    7.835e+00    1.265e+00
    6     372    1.842983e+02    9.147e-01    4.585e+00    1.660e+00
    7     425    1.825097e+02    7.226e-01    5.964e+00    1.823e+00
    8     477    1.824485e+02    4.569e-01    1.316e+01    3.979e+00
    9     529    1.746652e+02    2.886e-01    1.395e+01    3.708e+00
   10     581    1.710723e+02    2.090e-01    5.213e+00    4.331e+00
   11     633    1.696338e+02    1.321e-01    4.963e+00    1.658e+00
   12     685    1.667497e+02    8.745e-02    4.943e+00    1.829e+00
   13     737    1.643606e+02    5.223e-02    2.117e+00    1.511e+00
   14     788    1.628537e+02    1.391e-02    1.217e+00    2.264e+00
   15     839    1.623254e+02    3.639e-03    1.192e+00    1.911e+00
   16     890    1.618606e+02    9.837e-04    6.287e-01    1.999e+00
   17     941    1.616945e+02    3.064e-04    8.093e-01    2.246e+00
   18     992    1.614836e+02    8.331e-05    1.568e-01    3.635e-01
   19    1043    1.614399e+02    2.116e-05    1.423e-01    4.614e-01
   20    1094    1.613959e+02    5.523e-06    1.230e-01    8.196e-01
   21    1145    1.613771e+02    1.425e-06    6.927e-02    5.220e-01
   22    1196    1.613661e+02    3.712e-07    3.572e-02    3.496e-01
   23    1247    1.613593e+02    9.731e-08    8.183e-02    2.110e-01
   24    1298    1.613557e+02    2.541e-08    2.591e-02    1.806e-01
   25    1349    1.613541e+02    6.547e-09    1.127e-02    1.136e-01
   26    1400    1.613530e+02    1.680e-09    1.849e-02    7.690e-02
   27    1451    1.613517e+02    4.514e-10    1.806e-02    1.222e-01
   28    1502    1.613508e+02    1.256e-10    1.019e-02    1.236e-01
   29    1553    1.613502e+02    3.721e-11    6.955e-03    1.056e-01
   30    1604    1.613499e+02    1.093e-11    9.230e-03    5.956e-02

                                            First-order      Norm of
 Iter F-count            f(x)  Feasibility   optimality         step
   31    1655    1.613497e+02    3.168e-12    6.471e-03    3.860e-02
   32    1706    1.613496e+02    9.089e-13    2.452e-03    3.060e-02
   33    1757    1.613496e+02    2.643e-13    1.687e-03    1.890e-02
   34    1808    1.613495e+02    7.165e-14    2.576e-03    1.197e-02
   35    1859    1.613495e+02    1.213e-14    1.767e-03    1.283e-02
   36    1910    1.613495e+02    1.127e-15    9.172e-04    1.170e-02
   37    1961    1.613495e+02    3.020e-14    5.515e-04    7.012e-03
   38    2012    1.613495e+02    9.445e-15    6.089e-04    3.958e-03
   39    2063    1.613495e+02    5.009e-15    3.494e-04    3.444e-03
   40    2114    1.613495e+02    1.260e-14    2.769e-04    2.937e-03
   41    2165    1.613495e+02    2.408e-15    2.180e-04    1.560e-03
   42    2216    1.613495e+02    9.737e-16    1.277e-04    1.047e-03
   43    2267    1.613495e+02    1.623e-14    1.030e-04    9.071e-04
   44    2318    1.613495e+02    6.523e-15    5.121e-05    4.275e-04
   45    2369    1.613495e+02    1.705e-15    7.296e-05    4.095e-04
   46    2420    1.613495e+02    2.989e-16    4.815e-05    2.894e-04
   47    2471    1.613495e+02    1.321e-14    2.603e-05    3.560e-04
   48    2522    1.613495e+02    3.589e-15    4.625e-05    2.326e-04
   49    2573    1.613495e+02    1.412e-15    4.646e-05    2.575e-04
   50    2624    1.613495e+02    1.162e-15    1.501e-05    2.558e-04
   51    2675    1.613495e+02    5.897e-16    9.016e-06    8.132e-05
   52    2726    1.613495e+02    1.926e-15    3.326e-05    8.586e-05
   53    2777    1.613495e+02    1.785e-19    1.419e-05    4.638e-05
   54    2830    1.613495e+02    8.175e-13    6.885e-04    1.975e-05
   55    2881    1.613495e+02    2.058e-13    7.266e-06    4.884e-05
   56    2932    1.613495e+02    5.171e-14    1.840e-05    4.519e-05
   57    2983    1.613495e+02    1.229e-14    1.147e-05    1.744e-05
   58    3034    1.613495e+02    2.636e-15    7.587e-06    2.565e-05
   59    3086    1.613495e+02    1.028e-15    3.821e-06    2.051e-05
   60    3137    1.613495e+02    1.214e-16    1.061e-05    1.182e-05

                                            First-order      Norm of
 Iter F-count            f(x)  Feasibility   optimality         step
   61    3188    1.613495e+02    2.034e-16    5.876e-06    1.634e-05
   62    3239    1.613495e+02    9.405e-16    1.058e-05    1.073e-05
   63    3300    1.613495e+02    4.496e-16    7.366e-06    3.353e-07

<a href = "matlab: helpview([docroot '/toolbox/optim/msg_csh/optim_msg_csh.map'],'local_min_poss_with_constr','CSHelpWindow');">Local minimum possible. Constraints satisfied</a>.

fmincon stopped because the <a href = "matlab: helpview([docroot '/toolbox/optim/msg_csh/optim_msg_csh.map'],'norm_curr_step_simple_fminconip','CSHelpWindow');">size of the current step</a> is less than
the default value of the <a href = "matlab: helpview([docroot '/toolbox/optim/msg_csh/optim_msg_csh.map'],'step_size_tol','CSHelpWindow');">step size tolerance</a> and constraints are 
satisfied to within the default value of the <a href = "matlab: helpview([docroot '/toolbox/optim/msg_csh/optim_msg_csh.map'],'constraint_tolerance','CSHelpWindow');">constraint tolerance</a>.

<<a href = "matlab: createExitMsg('barrier',2.000000e+00,true,true,'fmincon',6.591289e-11,'default',1.000000e-10,4.496208e-16,'default',1.000000e-06,0.000000e+00,'',0.000000e+00);">stopping criteria details</a>>


*******
opt_area =2.12042643416108e-08

MLM =[-2.79329742341362 -5.22271915416568 -6.81723479228084 -7.37227852670072 -7.64845702378709 -7.79844069499795 -7.88275719738019 -7.93091565030564 -7.95854046662349 -7.97422613228028 -7.98274702615435 -7.98665724928143 -7.98711475031011 -7.98425858319043 -7.97723803854437 -7.96396146900218 -7.94040359085531 -7.89929137518403 -7.82748060691348 -7.70049408123343 -7.46962937984094 -7.0223403862044 -5.98175244316035 -4.20329459484708 -6.12146697941825 -7.05974930252483 -7.45258281758591 -7.62256492788403 -7.65712804917733 -7.57161322549379 -7.3266702333116 -6.77114807117922 -4.70817453234087 -0.167692521581409 2.1663820644487 -5.04643571548579 -1.24380602236441 -0.738440090708425 0.264126391368527 -3.34197773520916 -1.34231993834066 -1.19522691214157 -6.16522521311733 -3.4969730847748 -0.511218247445382 -3.49740441422345 -1.29815419528035 -1.40935088461641 -6.18207027178048 -6.02779274521426]

cov matrix =[6.24440107120327 0.0819880248838311 19.2741383554743 -9.47305392864026 43.4740250373704 53.4634233591488 48.0639611115596 60.7903960424628 78.9076787942147 67.1382050436898 -5.96133100591001 -45.3474820772196 -86.9495410074284 -4.88128889033313 53.7651852512224 89.3386162216111 94.3064064642229 58.7769455131211 48.3377420707227 53.9462809444293 18.5429015454125 7.3332513818532 30.6767557031806 -15.8676105706563 18.4987133881042 -3.42414423369351 22.5269632708838 68.2083197506113 93.1815835024895 46.8932281984073 23.120546833596 -15.7206089673299 -38.8183705323349 12.0168665262807 -0.403507247837753 10.6779656597379 -4.5824654107503 6.55602885771437 -4.89709265415175 9.35987586172894 0.00984083969160352 15.1761764616961 -26.633876483041 -4.92746732291703 6.86703048925679 -10.8649329780058 18.5856243951405 -21.4850301691843 42.6734058403759 34.2603481546947;0.0819880248838311 1.53589518662692 1.25257048471106 -0.584983694117155 1.20194322277465 0.931930806123144 0.656357499895863 2.0681320431628 2.87718800751369 2.03156753581046 -0.762368938469985 -2.05409209426581 -3.81167756729893 -0.574545413637512 1.5693524098578 3.27450273464199 3.62975958587551 1.43461135089718 0.579016637704952 1.48180851921244 0.393355800724244 0.518701823986976 1.79888013372975 -0.221730196539705 1.06789822287793 0.00184640356118837 0.918444177096058 2.83374363086549 3.87220905411848 1.82735696533352 0.883735404717338 -0.384397000340544 -1.45867178077966 0.78120498381191 -0.108215304135035 0.650330439409834 -0.108953175513229 0.451497683035807 -0.262134654061924 0.609739166909834 0.117748537551638 0.986316187567256 -1.27113622337655 0.145842901188023 0.778164048969918 -0.217316122271591 0.915827221686807 -0.565633846071375 1.96481665548251 1.02115848607878;19.2741383554743 1.25257048471106 76.2154039894573 -35.8184338298011 164.590013242374 202.246088941343 182.211202425647 231.935606727023 301.181815817342 255.959782707193 -22.739681556175 -172.494069212132 -331.412211470807 -18.3225586394665 205.027553569813 341.217477543517 360.365646892371 223.566681884749 182.790685785267 204.431565556344 70.2812082872954 29.6014380127749 118.542694357726 -60.2421406228302 71.3228643569424 -11.9499391721275 86.0527690728067 260.803149700652 356.713633602755 178.892958434682 88.6189953960863 -58.9428338304177 -147.735106002992 46.2380639156064 -1.52921444397361 40.9933514496672 -17.2608984496088 25.2218263263401 -18.6010973953948 36.0507526868895 0.148586396549098 58.2949664292736 -101.448389154423 -18.312749935867 27.1091170152752 -41.2265567622287 71.2136952534787 -81.6270276432 162.840499335264 129.799200268537;-9.47305392864026 -0.584983694117155 -35.8184338298011 21.4529598847662 -79.7847036458229 -99.1526699999199 -89.6326931239582 -115.001001129276 -149.857307377669 -127.368060385121 11.0729797382362 85.1940038070221 164.049427271468 8.68825720842749 -102.218776077884 -169.793049013735 -179.004035086287 -110.332380030733 -89.5769578661893 -99.9729727326471 -32.3851162414093 -12.6166240493817 -58.4501904471078 29.6297757040844 -35.7956253532387 5.8383658211629 -42.7132344017712 -129.959314681509 -177.692814318712 -89.0956345614561 -44.155824782923 28.9025010463858 73.3120640985184 -23.0066570313281 0.550488688873553 -20.4412615370695 8.4072164747695 -12.6351093015547 9.09178122885068 -18.0341835080546 -0.0815609919580566 -29.0165603881708 50.6014330780312 9.10731133575326 -13.4267732516711 20.4284368126107 -35.5076114589067 40.6160471395987 -80.9817846700773 -64.4257416514041;43.4740250373704 1.20194322277465 164.590013242374 -79.7847036458229 371.863675082184 456.613049605124 411.026992240863 518.988897847898 672.648321572248 572.507624178219 -49.1514773802295 -383.918815408914 -737.628325417116 -39.8631961112809 458.669209595791 761.595037410922 804.312038852876 502.024792926083 413.109195006645 460.358318328454 158.350987696501 63.2476850099623 262.30357950553 -135.884564886125 158.202517251488 -28.2752615282128 191.617852716605 580.733453993098 794.027043532928 399.012438873213 196.823008606335 -132.318496718048 -329.601457994991 101.815092334262 -2.94269179214617 90.4853941477342 -38.7499435239569 55.4610278682605 -41.0958933273246 79.3731111396866 -0.139336130742249 128.29466689487 -225.176876206249 -42.1384633565978 58.1613500459165 -92.5949860385378 157.892455275458 -182.965787702764 361.528075540194 290.259678777482;53.4634233591488 0.931930806123144 202.246088941343 -99.1526699999199 456.613049605124 565.415030248063 509.155176241671 640.663161195316 829.499435262255 706.625970983182 -59.906187311099 -473.362088222198 -909.240408783882 -48.8534336021794 566.243179282991 939.149882268471 991.756608573494 620.756610699965 511.399529939106 567.507295415032 194.36266259103 77.1858481384027 322.734666752521 -167.946044419958 194.911225324177 -35.0268600391572 235.808388639154 715.714737171514 978.635341129981 491.66152564532 242.613777659797 -163.071278450909 -406.418620339049 124.969148059096 -3.28304680421639 111.141776664506 -47.770295559905 68.0535674992161 -50.3540762054994 97.4373659005138 -0.359623100148499 157.467913942064 -277.277158262443 -52.480450838685 70.5641146505168 -114.378218952856 194.344939390532 -226.095037401309 445.02478070013 357.918962725905;48.0639611115596 0.656357499895863 182.211202425647 -89.6326931239582 411.026992240863 509.155176241671 461.669030238129 578.858652846454 748.28258078466 637.486079430466 -53.6257176420817 -426.979382062663 -819.93317966427 -43.9628941276888 510.948417998512 847.010875255763 894.88391644552 561.283253239459 461.931750052201 511.173875105325 174.853310720717 69.2976615301573 290.846859797767 -151.677048103584 175.532448724524 -31.7649953755202 212.678329025491 644.781303818469 881.551073497919 443.262762027012 218.752838480982 -147.15606530997 -366.473395666545 112.389129252007 -2.8114580380966 99.9871951406828 -43.1021857063809 61.1891684788707 -45.2653649297793 87.6207276561883 -0.430679790740831 141.571404779711 -249.762576582593 -47.5428727498031 63.0215068973879 -103.166060651387 174.996811727047 -204.041218099985 400.761658409576 322.438073269867;60.7903960424628 2.0681320431628 231.935606727023 -115.001001129276 518.988897847898 640.663161195316 578.858652846454 733.854421017205 949.447677067147 807.501007247813 -69.4978663540275 -541.773278959228 -1040.74571870486 -56.426871473612 647.069462600273 1074.74148322681 1135.32342114267 707.95915730168 580.140937350902 645.393971794002 220.1258058786 88.3281848333676 370.096027466425 -191.026570207062 223.454652668513 -39.4959036372511 269.988748396289 818.379859423706 1118.99190984399 562.226720645266 277.752271113773 -186.204720268628 -464.697749693994 143.83457428113 -4.01485241259851 127.815869403283 -54.405362963393 78.4474058216515 -57.864685793278 112.212112477752 -0.107593512646277 181.243852815783 -317.921920454546 -59.159324749711 82.2878296702056 -130.31353969604 222.938428314491 -257.95444925748 510.222354253724 408.735468166332;78.9076787942147 2.87718800751369 301.181815817342 -149.857307377669 672.648321572248 829.499435262255 748.28258078466 949.447677067147 1233.38348835954 1048.48280513469 -89.9796427843079 -702.513807203371 -1350.32692656746 -72.7242766903568 840.236491580068 1395.42500312251 1472.83384444579 916.159063851308 750.466859661832 836.43935365996 284.959478787036 114.851315089412 480.38881223846 -247.291662559818 290.148770392154 -50.9728025673189 350.154903346826 1062.94722041454 1453.57371442208 729.597812344125 360.437245225039 -241.628842898893 -603.118742256588 187.162659206938 -5.36976318444135 166.28727442304 -70.5263974301216 102.119235979788 -75.2510496756613 146.03856727874 0.0102291507265731 235.908573845512 -413.152236846867 -76.375660649242 107.643118201637 -168.967987972142 289.724989025522 -334.529482801132 663.058602769322 530.975527918144;67.1382050436898 2.03156753581046 255.959782707193 -127.368060385121 572.507624178219 706.625970983182 637.486079430466 807.501007247813 1048.48280513469 894.439541928888 -74.8076736021349 -596.697686571934 -1147.84503418406 -60.4645023980157 716.452622318406 1187.61861162901 1252.5750392282 779.859464871089 639.509602509371 711.963613890889 242.6453697181 97.4745044410895 408.34887672693 -210.794682504412 246.414344606495 -44.0180253782226 297.667178612774 904.457141598217 1236.83448130992 620.744846396249 306.203247855659 -206.077305080426 -513.264827242497 158.903503155921 -4.46665027065908 141.220153941622 -60.1207929193527 86.657932963876 -63.9209441962036 123.948681274895 -0.112270880850996 200.276895493345 -351.229532736863 -65.3277224548301 90.9508089985978 -143.900571083712 246.206118475092 -284.823418093966 563.692956855501 452.398030491233;-5.96133100591001 -0.762368938469985 -22.739681556175 11.0729797382362 -49.1514773802295 -59.906187311099 -53.6257176420817 -69.4978663540275 -89.9796427843079 -74.8076736021349 10.5050674443852 53.8475442662822 101.634660302373 7.82579451738853 -59.2709819615534 -101.615154780304 -108.310475438283 -66.4057666397275 -53.8634020548863 -61.0912857553138 -20.7252213416655 -8.99233427208833 -35.918975881324 17.4880726173886 -21.9561624156209 2.42670547011417 -26.6933422577722 -79.2622752040728 -108.268041173746 -54.5555238026463 -27.6328342188313 16.9203780225449 44.1924001253154 -14.2918185504131 0.513797303315717 -12.6626639349272 5.02831379115542 -7.88219371012576 5.66596198455415 -11.2574678972931 -0.159073450780109 -18.0359931327042 30.8334058195635 5.06962380226142 -8.8682506538556 12.2091036180263 -21.7300357895548 24.2463296068752 -49.4354957271049 -38.6175196104181;-45.3474820772196 -2.05409209426581 -172.494069212132 85.1940038070221 -383.918815408914 -473.362088222198 -426.979382062663 -541.773278959228 -702.513807203371 -596.697686571934 53.8475442662822 405.19652235935 774.243634987717 44.1576927004395 -477.707167146831 -795.477518482482 -840.37065062124 -522.861627951492 -428.239722088405 -477.443231135049 -162.779474718495 -66.0524572267338 -274.814357803111 140.807338161161 -165.856914218171 28.2354763497238 -201.15579912689 -608.470744583302 -831.764163332986 -418.002762717139 -206.632215823814 137.401203976757 344.05822398982 -107.073571055707 3.10269891309943 -95.129602666969 40.1877767049763 -58.4900501291366 43.0142788532927 -83.6596164060121 -0.0531345222891115 -134.927281846138 235.906731769997 43.2197573537535 -61.8718321987041 96.2901744873832 -165.495680697246 190.675479364465 -378.719068914912 -303.39314154973;-86.9495410074284 -3.81167756729893 -331.412211470807 164.049427271468 -737.628325417116 -909.240408783882 -819.93317966427 -1040.74571870486 -1350.32692656746 -1147.84503418406 101.634660302373 774.243634987717 1486.45954641293 82.6704785498162 -919.473841677807 -1529.29616352811 -1614.93190541985 -1004.25706407773 -822.418037707307 -917.273453808612 -312.663125000984 -126.777684030052 -528.073644256685 270.691206830255 -318.669946376786 54.7154174308079 -386.110106812738 -1168.90477368959 -1598.02523783235 -802.853094260334 -396.773084830086 264.485118083805 661.517304180063 -205.906843080862 6.09061344678502 -182.898358641934 77.3160220684267 -112.447492728431 82.7809743876583 -160.798228835615 -0.165480085652095 -259.491348805767 453.54962248284 83.1241838255057 -119.136400159259 185.090108276161 -318.14653221414 366.407025800744 -727.972792404687 -582.817781818995;-4.88128889033313 -0.574545413637512 -18.3225586394665 8.68825720842749 -39.8631961112809 -48.8534336021794 -43.9628941276888 -56.426871473612 -72.7242766903568 -60.4645023980157 7.82579451738853 44.1576927004395 82.6704785498162 7.74522509631116 -47.8231384844268 -82.0596597396557 -87.5215943316988 -54.1528998752392 -44.0930276556378 -49.5617823365832 -16.9209904630636 -7.29749384655956 -28.9097645590391 14.2314834241221 -17.5767179507872 2.10471278652617 -21.4943798087655 -63.9059602614265 -87.2648260467184 -43.9867237729385 -22.1234480385932 13.6907900647566 35.5432646669593 -11.3272902955896 0.317131423578853 -10.0640632917685 4.06153301869868 -6.24176235840011 4.48297293065229 -8.93805085253629 -0.0480795631404916 -14.2819976307558 24.697192823365 4.18885513406758 -6.77332878417266 9.88360923689111 -17.3707688373408 19.6902622622254 -39.6306807989133 -31.2996828399275;53.7651852512224 1.5693524098578 205.027553569813 -102.218776077884 458.669209595791 566.243179282991 510.948417998512 647.069462600273 840.236491580068 716.452622318406 -59.2709819615534 -477.707167146831 -919.473841677807 -47.8231384844268 575.769179341944 951.914543643435 1003.72291531762 625.009858653926 512.49669357961 570.442740984029 194.345993701827 77.9113460203736 327.260505166037 -169.043720724873 197.359870915944 -35.5380851415927 238.583549547289 724.917953771741 991.289087197724 497.596460343048 245.253082426326 -165.367410800572 -411.400261902316 127.359251010097 -3.62658523018901 113.167023970874 -48.2244747147573 69.442295297731 -51.262614392667 99.3124021775056 -0.0726025661078085 160.497183999435 -281.428252948856 -52.357032361539 72.9240223838501 -115.313042748977 197.274400141937 -228.185955718225 451.706443423983 362.681100101937;89.3386162216111 3.27450273464199 341.217477543517 -169.793049013735 761.595037410922 939.149882268471 847.010875255763 1074.74148322681 1395.42500312251 1187.61861162901 -101.615154780304 -795.477518482482 -1529.29616352811 -82.0596597396557 951.914543643435 1581.31656542504 1667.61291432366 1037.09176848397 849.588388196402 947.073658085445 322.625876360035 130.140945894548 544.161234914369 -280.007813544665 328.560280753684 -57.7649927433281 396.716806919834 1204.34688689182 1646.89278660459 826.617271987035 408.246425179519 -273.772498919575 -683.130295268536 212.070814680323 -6.10752992090781 188.408937221852 -79.8725694298898 115.719493455874 -85.2542668893811 165.479042350799 0.0427051680755921 267.302310214804 -467.999321795402 -86.4319591481637 122.053449558519 -191.336515464897 328.196918704578 -378.816883498655 751.102207241712 601.601310895754;94.3064064642229 3.62975958587551 360.365646892371 -179.004035086287 804.312038852876 991.756608573494 894.88391644552 1135.32342114267 1472.83384444579 1252.5750392282 -108.310475438283 -840.37065062124 -1614.93190541985 -87.5215943316988 1003.72291531762 1667.61291432366 1761.85227817963 1095.66470441616 897.324546166448 1000.14747002293 340.853333434185 137.462427544081 574.699992158007 -295.632262741512 347.078113839583 -60.6574491893492 419.19644749178 1271.09888681834 1738.06122069222 872.832354400414 431.37513675781 -288.701675588686 -721.111124512383 223.857579405787 -6.42207537269526 198.873293725997 -84.2949515658994 122.158664855453 -89.9792967738248 174.691851367305 0.0408484733192474 282.135620104686 -493.987273124567 -91.2248473978629 128.821318272763 -201.966706501461 346.45888896263 -399.895194631527 792.738419886082 634.37449086195;58.7769455131211 1.43461135089718 223.566681884749 -110.332380030733 502.024792926083 620.756610699965 561.283253239459 707.95915730168 916.159063851308 779.859464871089 -66.4057666397275 -522.861627951492 -1004.25706407773 -54.1528998752392 625.009858653926 1037.09176848397 1095.66470441616 686.187945432864 562.645530969362 624.305085278738 213.280491277827 85.1377325094895 356.715392971905 -185.00196731324 215.316601069454 -38.4203158438669 260.638179705045 789.811357186161 1079.84705170061 542.844265515193 268.075362789816 -179.9295538884 -448.619057798081 138.25686879933 -3.6762096216585 122.933023330601 -52.6480666108294 75.3479573220241 -55.6581773138246 107.834839957432 -0.30612750693537 174.202484272372 -306.367389675588 -57.6467605819271 78.3807673802841 -126.044882044874 214.742173824764 -249.35503025542 491.601198099554 394.683961576347;48.3377420707227 0.579016637704952 182.790685785267 -89.5769578661893 413.109195006645 511.399529939106 461.931750052201 580.140937350902 750.466859661832 639.509602509371 -53.8634020548863 -428.239722088405 -822.418037707307 -44.0930276556378 512.49669357961 849.588388196402 897.324546166448 562.645530969362 464.749237686151 513.572228970822 175.895907178042 69.7083529234758 291.667662995792 -152.188590379371 176.118333713633 -31.8357242987164 213.212283779526 647.079200777885 884.773489790032 444.626472780121 219.412951270766 -147.608785761804 -367.658133774107 112.754953719431 -2.84585083198236 100.313263948408 -43.2487758524184 61.3780508231122 -45.4298891730039 87.903253870158 -0.424265408025422 142.065684847729 -250.585499170982 -47.7322286288833 63.2853729376102 -103.573342950964 175.596460175255 -204.732932528971 402.142424125911 323.734623232084;53.9462809444293 1.48180851921244 204.431565556344 -99.9729727326471 460.358318328454 567.507295415032 511.173875105325 645.393971794002 836.43935365996 711.963613890889 -61.0912857553138 -477.443231135049 -917.273453808612 -49.5617823365832 570.442740984029 947.073658085445 1000.14747002293 624.305085278738 513.572228970822 572.825527903851 196.053399857419 78.2199668523784 326.10001618307 -168.903364732073 196.852924621174 -35.0420261760156 238.192969781024 722.277450434458 987.577782696638 496.17194317622 244.836552721326 -164.357235558065 -409.847763672283 126.598350208321 -3.57785070609516 112.518394000772 -48.1290027471462 68.9790539122856 -51.0283716527446 98.7151331601794 -0.171033774532048 159.528474182845 -280.052121106626 -52.4041154440392 72.2468144417385 -115.119785383303 196.366596909547 -227.551286854755 449.545374209663 360.857878112045;18.5429015454125 0.393355800724244 70.2812082872954 -32.3851162414093 158.350987696501 194.36266259103 174.853310720717 220.1258058786 284.959478787036 242.6453697181 -20.7252213416655 -162.779474718495 -312.663125000984 -16.9209904630636 194.345993701827 322.625876360035 340.853333434185 213.280491277827 175.895907178042 196.053399857419 69.5312161557733 27.6929995570657 111.177069960429 -57.7988465451726 66.68982156854 -12.1584688393752 81.2972482382494 245.782117829273 336.038733349459 169.041468242813 83.2959059056838 -56.4108235221331 -139.694185094818 43.0395114636994 -1.33489229489621 38.246194344338 -16.5307939737979 23.3979399639398 -17.479654874692 33.5059156793514 -0.0973947728179153 54.2282027096108 -95.2443249467073 -17.9397710204405 24.5380031570057 -39.3109805034672 66.7673797219306 -77.5391339816661 153.012024128195 123.125001727235;7.3332513818532 0.518701823986976 29.6014380127749 -12.6166240493817 63.2476850099623 77.1858481384027 69.2976615301573 88.3281848333676 114.851315089412 97.4745044410895 -8.99233427208833 -66.0524572267338 -126.777684030052 -7.29749384655956 77.9113460203736 130.140945894548 137.462427544081 85.1377325094895 69.7083529234758 78.2199668523784 27.6929995570657 13.4284363453809 45.4455251991729 -22.9261792762926 27.0860595333902 -4.38431762778285 32.7720676947214 99.5227447758004 136.203454620964 68.0904721825999 33.8590234498622 -22.5896817648605 -56.4277501585169 17.7559929794675 -0.678753236263959 15.718250636336 -6.6140341264904 9.6593088816572 -7.1604439167664 13.8084645592122 0.0846657476560827 22.3809207566501 -38.7876296257793 -6.83011174444965 10.5074374172363 -15.6635281916203 27.2140678562505 -31.0620349105215 62.3096556922762 49.246960914123;30.6767557031806 1.79888013372975 118.542694357726 -58.4501904471078 262.30357950553 322.734666752521 290.846859797767 370.096027466425 480.38881223846 408.34887672693 -35.918975881324 -274.814357803111 -528.073644256685 -28.9097645590391 327.260505166037 544.161234914369 574.699992158007 356.715392971905 291.667662995792 326.10001618307 111.177069960429 45.4455251991729 189.590816199404 -96.2057469014978 113.816201248592 -19.4521578459642 137.381338206474 415.963129198059 568.699996877829 285.625621799441 141.199891948053 -93.9881644398194 -235.552556067974 73.5444045069061 -2.29803559891813 65.2754070553918 -27.5191574539123 40.1541460200993 -29.5642467383644 57.3873385281005 0.168029806650687 92.6942307791413 -161.607549488612 -29.3962909337196 42.8229240900439 -65.7645745331234 113.397947489795 -130.224423907721 259.334597269574 207.265272675218;-15.8676105706563 -0.221730196539705 -60.2421406228302 29.6297757040844 -135.884564886125 -167.946044419958 -151.677048103584 -191.026570207062 -247.291662559818 -210.794682504412 17.4880726173886 140.807338161161 270.691206830255 14.2314834241221 -169.043720724873 -280.007813544665 -295.632262741512 -185.00196731324 -152.188590379371 -168.903364732073 -57.7988465451726 -22.9261792762926 -96.2057469014978 51.3168333170007 -58.0947123647927 10.3346312158296 -70.5768552841739 -213.456629414469 -291.75180453433 -146.815608858641 -72.5205329371061 48.5774335988512 121.133013108291 -37.151969854199 0.967945325018123 -33.0506871298849 14.2963777148204 -20.2340878876069 15.0181664297706 -28.9962390704736 0.168794184044122 -46.8323974813813 82.5362677857829 15.7361990570292 -20.8619617863643 34.1014128149549 -57.8331673396919 67.4709886230423 -132.823924279387 -106.88086269613;18.4987133881042 1.06789822287793 71.3228643569424 -35.7956253532387 158.202517251488 194.911225324177 175.532448724524 223.454652668513 290.148770392154 246.414344606495 -21.9561624156209 -165.856914218171 -318.669946376786 -17.5767179507872 197.359870915944 328.560280753684 347.078113839583 215.316601069454 176.118333713633 196.852924621174 66.68982156854 27.0860595333902 113.816201248592 -58.0947123647927 70.1209168292583 -11.2312035291175 83.1610115527477 251.419649928714 343.69462459376 172.669518260352 85.7717159802462 -56.2386522450166 -142.248120961768 44.3742650443479 -1.30608156635312 39.3823563128887 -16.568197252309 24.222183125534 -17.773113905814 34.6242103459992 0.0941740317396056 55.9170849221542 -97.5877365719646 -17.7825521200442 25.7433006046225 -39.7333936476414 68.5191702610133 -78.7828880629979 156.697897776666 125.493604380945;-3.42414423369351 0.00184640356118837 -11.9499391721275 5.8383658211629 -28.2752615282128 -35.0268600391572 -31.7649953755202 -39.4959036372511 -50.9728025673189 -44.0180253782226 2.42670547011417 28.2354763497238 54.7154174308079 2.10471278652617 -35.5380851415927 -57.7649927433281 -60.6574491893492 -38.4203158438669 -31.8357242987164 -35.0420261760156 -12.1584688393752 -4.38431762778285 -19.4521578459642 10.3346312158296 -11.2312035291175 4.45620886229504 -13.3354603675957 -42.4854732068132 -58.3927826758578 -28.9418930521464 -13.3311943972914 10.7614912252928 24.6558667882637 -7.35151102206326 0.144533448398029 -6.57623855628982 3.00063151635603 -3.99667679157832 3.01282553093348 -5.74312510880175 0.126899553554609 -9.30532716864899 16.6853043310073 3.42307476356458 -3.9239653902917 7.03287366291384 -11.5388436805029 13.7353660371174 -26.3818950388858 -21.0878253974107;22.5269632708838 0.918444177096058 86.0527690728067 -42.7132344017712 191.617852716605 235.808388639154 212.678329025491 269.988748396289 350.154903346826 297.667178612774 -26.6933422577722 -201.15579912689 -386.110106812738 -21.4943798087655 238.583549547289 396.716806919834 419.19644749178 260.638179705045 213.212283779526 238.192969781024 81.2972482382494 32.7720676947214 137.381338206474 -70.5768552841739 83.1610115527477 -13.3354603675957 103.318042707261 305.689223785348 417.147634493017 210.856693940255 104.665694659166 -68.3378842914873 -172.043884708702 53.6775486070364 -1.7743066742812 47.6341055443023 -20.1540179652919 29.3050325273716 -21.7193022254233 41.8680674342755 0.124042987618219 67.5724381162489 -117.836399128376 -21.5574180467673 31.3908829429265 -48.1175744024427 82.7812632260406 -95.10250222711 189.501807458999 152.078665288133;68.2083197506113 2.83374363086549 260.803149700652 -129.959314681509 580.733453993098 715.714737171514 644.781303818469 818.379859423706 1062.94722041454 904.457141598217 -79.2622752040728 -608.470744583302 -1168.90477368959 -63.9059602614265 724.917953771741 1204.34688689182 1271.09888681834 789.811357186161 647.079200777885 722.277450434458 245.782117829273 99.5227447758004 415.963129198059 -213.456629414469 251.419649928714 -42.4854732068132 305.689223785348 924.581339905129 1261.99005214503 634.610736054824 313.831188277261 -208.105990853426 -521.384345997952 162.356432597407 -4.91138988965512 144.124857621247 -60.9019059949196 88.6252861876205 -65.3345625262457 126.697347654893 0.228339559357697 204.610387516831 -357.483766751489 -65.5715386736991 94.2201983614583 -145.947130120295 250.872852242751 -288.788821630624 573.787439703404 458.888456655864;93.1815835024895 3.87220905411848 356.713633602755 -177.692814318712 794.027043532928 978.635341129981 881.551073497919 1118.99190984399 1453.57371442208 1236.83448130992 -108.268041173746 -831.764163332986 -1598.02523783235 -87.2648260467184 991.289087197724 1646.89278660459 1738.06122069222 1079.84705170061 884.773489790032 987.577782696638 336.038733349459 136.203454620964 568.699996877829 -291.75180453433 343.69462459376 -58.3927826758578 417.147634493017 1261.99005214503 1725.68312358524 866.762298179794 428.568551978123 -284.706747208591 -712.933466749542 221.992098098044 -6.66103731572372 197.099660418973 -83.2485991956626 121.193259581439 -89.2808255861167 173.258752468449 0.298306653790762 279.79234956204 -488.875836193609 -89.6520336736696 128.706572705352 -199.530296564323 343.037793672821 -394.904998466298 784.577657766666 627.273216978828;46.8932281984073 1.82735696533352 178.892958434682 -89.0956345614561 399.012438873213 491.66152564532 443.262762027012 562.226720645266 729.597812344125 620.744846396249 -54.5555238026463 -418.002762717139 -802.853094260334 -43.9867237729385 497.596460343048 826.617271987035 872.832354400414 542.844265515193 444.626472780121 496.17194317622 169.041468242813 68.0904721825999 285.625621799441 -146.815608858641 172.669518260352 -28.9418930521464 210.856693940255 634.610736054824 866.762298179794 437.727937975592 216.129298330608 -142.841575885373 -358.078880147808 111.459486180612 -3.45326360894826 98.953136350036 -41.9027170236316 60.8390471112105 -44.9588662453599 86.9624786932775 0.151545469253052 140.405264000381 -245.305892960187 -45.0868497356788 64.7158787751819 -100.248106525688 172.186682049583 -198.241032442288 393.967622329953 315.654715578614;23.120546833596 0.883735404717338 88.6189953960863 -44.155824782923 196.823008606335 242.613777659797 218.752838480982 277.752271113773 360.437245225039 306.203247855659 -27.6328342188313 -206.632215823814 -396.773084830086 -22.1234480385932 245.253082426326 408.246425179519 431.37513675781 268.075362789816 219.412951270766 244.836552721326 83.2959059056838 33.8590234498622 141.199891948053 -72.5205329371061 85.7717159802462 -13.3311943972914 104.665694659166 313.831188277261 428.568551978123 216.129298330608 108.764536888582 -69.9540046122383 -177.024470581595 55.2026077307261 -1.71255922125735 48.9980648332781 -20.6579159769827 30.1302580450226 -22.2194953168457 43.0626252986951 0.119297843449352 69.5126918620389 -121.337948717556 -22.1749565834084 32.1365481635902 -49.5163720623885 85.2514793176236 -98.022936778454 195.137404928223 156.539082848718;-15.7206089673299 -0.384397000340544 -58.9428338304177 28.9025010463858 -132.318496718048 -163.071278450909 -147.15606530997 -186.204720268628 -241.628842898893 -206.077305080426 16.9203780225449 137.401203976757 264.485118083805 13.6907900647566 -165.367410800572 -273.772498919575 -288.701675588686 -179.9295538884 -147.608785761804 -164.357235558065 -56.4108235221331 -22.5896817648605 -93.9881644398194 48.5774335988512 -56.2386522450166 10.7614912252928 -68.3378842914873 -208.105990853426 -284.706747208591 -142.841575885373 -69.9540046122383 49.1382173081766 118.252628431437 -36.6442822817145 1.12182567925971 -32.5768014150639 13.9279785214784 -19.9986659955995 14.8324066086317 -28.6049131446156 0.0372769142005709 -46.1991669278171 80.9340002633459 15.0570184644852 -21.1358564587864 33.1827733134925 -56.6690945317928 65.4528749332012 -129.708164965318 -103.545938887363;-38.8183705323349 -1.45867178077966 -147.735106002992 73.3120640985184 -329.601457994991 -406.418620339049 -366.473395666545 -464.697749693994 -603.118742256588 -513.264827242497 44.1924001253154 344.05822398982 661.517304180063 35.5432646669593 -411.400261902316 -683.130295268536 -721.111124512383 -448.619057798081 -367.658133774107 -409.847763672283 -139.694185094818 -56.4277501585169 -235.552556067974 121.133013108291 -142.248120961768 24.6558667882637 -172.043884708702 -521.384345997952 -712.933466749542 -358.078880147808 -177.024470581595 118.252628431437 296.461944314563 -91.8955722770419 2.719401960643 -81.6185202385561 34.6017060568838 -50.0982078288876 36.9146914394188 -71.6206275113528 -0.0263844819136449 -115.689504562256 202.494406644183 37.3898266735432 -52.9227001396621 82.8082493530135 -141.981016006701 163.819968908858 -324.856562939773 -260.175423515476;12.0168665262807 0.78120498381191 46.2380639156064 -23.0066570313281 101.815092334262 124.969148059096 112.389129252007 143.83457428113 187.162659206938 158.903503155921 -14.2918185504131 -107.073571055707 -205.906843080862 -11.3272902955896 127.359251010097 212.070814680323 223.857579405787 138.25686879933 112.754953719431 126.598350208321 43.0395114636994 17.7559929794675 73.5444045069061 -37.151969854199 44.3742650443479 -7.35151102206326 53.6775486070364 162.356432597407 221.992098098044 111.459486180612 55.2026077307261 -36.6442822817145 -91.8955722770419 29.1214075105288 -1.12995124763456 25.7974780934856 -10.6800150118447 15.9042865381985 -11.7118647509492 22.6876515909337 0.222858064105051 36.6066926912506 -63.1871225627127 -11.1207466868191 17.4575298286823 -25.4944433688063 44.4652787045172 -50.4331222717752 101.605812100749 80.7795045976266;-0.403507247837753 -0.108215304135035 -1.52921444397361 0.550488688873553 -2.94269179214617 -3.28304680421639 -2.8114580380966 -4.01485241259851 -5.36976318444135 -4.46665027065908 0.513797303315717 3.10269891309943 6.09061344678502 0.317131423578853 -3.62658523018901 -6.10752992090781 -6.42207537269526 -3.6762096216585 -2.84585083198236 -3.57785070609516 -1.33489229489621 -0.678753236263959 -2.29803559891813 0.967945325018123 -1.30608156635312 0.144533448398029 -1.7743066742812 -4.91138988965512 -6.66103731572372 -3.45326360894826 -1.71255922125735 1.12182567925971 2.719401960643 -1.12995124763456 0.256175541181932 -1.00878598846434 0.319786287596103 -0.620229637522411 0.515262300848306 -0.859157995063483 -0.121435074657018 -1.35611074782904 1.85328136299674 0.0978243395657794 -0.998632512034753 0.654090300959781 -1.43081567982625 1.21797617383556 -3.28211742401277 -2.46138826757102;10.6779656597379 0.650330439409834 40.9933514496672 -20.4412615370695 90.4853941477342 111.141776664506 99.9871951406828 127.815869403283 166.28727442304 141.220153941622 -12.6626639349272 -95.129602666969 -182.898358641934 -10.0640632917685 113.167023970874 188.408937221852 198.873293725997 122.933023330601 100.313263948408 112.518394000772 38.246194344338 15.718250636336 65.2754070553918 -33.0506871298849 39.3823563128887 -6.57623855628982 47.6341055443023 144.124857621247 197.099660418973 98.953136350036 48.9980648332781 -32.5768014150639 -81.6185202385561 25.7974780934856 -1.00878598846434 23.209691292436 -9.54321746093061 14.0838926883338 -10.3709950885176 20.0801810060261 0.178690300406686 32.4145783218153 -56.0664165050166 -9.94067822586421 15.3767198947044 -22.6821599424056 39.46454847713 -44.8841524925086 90.1832600786764 71.7589202243275;-4.5824654107503 -0.108953175513229 -17.2608984496088 8.4072164747695 -38.7499435239569 -47.770295559905 -43.1021857063809 -54.405362963393 -70.5263974301216 -60.1207929193527 5.02831379115542 40.1877767049763 77.3160220684267 4.06153301869868 -48.2244747147573 -79.8725694298898 -84.2949515658994 -52.6480666108294 -43.2487758524184 -48.1290027471462 -16.5307939737979 -6.6140341264904 -27.5191574539123 14.2963777148204 -16.568197252309 3.00063151635603 -20.1540179652919 -60.9019059949196 -83.2485991956626 -41.9027170236316 -20.6579159769827 13.9279785214784 34.6017060568838 -10.6800150118447 0.319786287596103 -9.54321746093061 4.24878691635762 -5.87566686907898 4.3432350353622 -8.35062286313724 0.0245519157323119 -13.4452729523509 23.5638098824675 4.39999677964609 -6.05567690955738 9.71674587984366 -16.5701443911672 19.2335261398962 -37.9640394378436 -30.5471029645636;6.55602885771437 0.451497683035807 25.2218263263401 -12.6351093015547 55.4610278682605 68.0535674992161 61.1891684788707 78.4474058216515 102.119235979788 86.657932963876 -7.88219371012576 -58.4900501291366 -112.447492728431 -6.24176235840011 69.442295297731 115.719493455874 122.158664855453 75.3479573220241 61.3780508231122 68.9790539122856 23.3979399639398 9.6593088816572 40.1541460200993 -20.2340878876069 24.222183125534 -3.99667679157832 29.3050325273716 88.6252861876205 121.193259581439 60.8390471112105 30.1302580450226 -19.9986659955995 -50.0982078288876 15.9042865381985 -0.620229637522411 14.0838926883338 -5.87566686907898 8.79243417446539 -6.4511173063947 12.4483834980785 0.126842254137925 20.0365933721319 -34.5106723823692 -6.01162257140974 9.61118941415397 -13.8934828508783 24.2993659060073 -27.4938064240957 55.4975595203527 44.0452084413064;-4.89709265415175 -0.262134654061924 -18.6010973953948 9.09178122885068 -41.0958933273246 -50.3540762054994 -45.2653649297793 -57.864685793278 -75.2510496756613 -63.9209441962036 5.66596198455415 43.0142788532927 82.7809743876583 4.48297293065229 -51.262614392667 -85.2542668893811 -89.9792967738248 -55.6581773138246 -45.4298891730039 -51.0283716527446 -17.479654874692 -7.1604439167664 -29.5642467383644 15.0181664297706 -17.773113905814 3.01282553093348 -21.7193022254233 -65.3345625262457 -89.2808255861167 -44.9588662453599 -22.2194953168457 14.8324066086317 36.9146914394188 -11.7118647509492 0.515262300848306 -10.3709950885176 4.3432350353622 -6.4511173063947 4.8567353239935 -9.21060343209258 -0.102150244144167 -14.7441834624069 25.3160581819116 4.43462184495449 -7.09984226393329 10.2536686887778 -17.8760262167236 20.2130528126481 -40.8917619454497 -32.5545089395189;9.35987586172894 0.609739166909834 36.0507526868895 -18.0341835080546 79.3731111396866 97.4373659005138 87.6207276561883 112.212112477752 146.03856727874 123.948681274895 -11.2574678972931 -83.6596164060121 -160.798228835615 -8.93805085253629 99.3124021775056 165.479042350799 174.691851367305 107.834839957432 87.903253870158 98.7151331601794 33.5059156793514 13.8084645592122 57.3873385281005 -28.9962390704736 34.6242103459992 -5.74312510880175 41.8680674342755 126.697347654893 173.258752468449 86.9624786932775 43.0626252986951 -28.6049131446156 -71.6206275113528 22.6876515909337 -0.859157995063483 20.0801810060261 -8.35062286313724 12.4483834980785 -9.21060343209258 18.0205311472072 0.11114896255717 28.6142429457142 -49.3478188925686 -8.67428582670742 13.6695160031157 -19.8992705836184 34.719211165943 -39.3466988061616 79.3004381970975 62.9748154409201;0.00984083969160352 0.117748537551638 0.148586396549098 -0.0815609919580566 -0.139336130742249 -0.359623100148499 -0.430679790740831 -0.107593512646277 0.0102291507265731 -0.112270880850996 -0.159073450780109 -0.0531345222891115 -0.165480085652095 -0.0480795631404916 -0.0726025661078085 0.0427051680755921 0.0408484733192474 -0.30612750693537 -0.424265408025422 -0.171033774532048 -0.0973947728179153 0.0846657476560827 0.168029806650687 0.168794184044122 0.0941740317396056 0.126899553554609 0.124042987618219 0.228339559357697 0.298306653790762 0.151545469253052 0.119297843449352 0.0372769142005709 -0.0263844819136449 0.222858064105051 -0.121435074657018 0.178690300406686 0.0245519157323119 0.126842254137925 -0.102150244144167 0.11114896255717 0.262741640927413 0.153010145820055 -0.0906034619235574 0.196987949029323 0.393987036096386 0.0876242916945687 0.134795983881906 0.173581957445247 0.279811693841132 0.0510536216494509;15.1761764616961 0.986316187567256 58.2949664292736 -29.0165603881708 128.29466689487 157.467913942064 141.571404779711 181.243852815783 235.908573845512 200.276895493345 -18.0359931327042 -134.927281846138 -259.491348805767 -14.2819976307558 160.497183999435 267.302310214804 282.135620104686 174.202484272372 142.065684847729 159.528474182845 54.2282027096108 22.3809207566501 92.6942307791413 -46.8323974813813 55.9170849221542 -9.30532716864899 67.5724381162489 204.610387516831 279.79234956204 140.405264000381 69.5126918620389 -46.1991669278171 -115.689504562256 36.6066926912506 -1.35611074782904 32.4145783218153 -13.4452729523509 20.0365933721319 -14.7441834624069 28.6142429457142 0.153010145820055 46.3854031664519 -79.7873245635892 -13.9814482171815 21.9603867117295 -32.1334166204816 56.0353866050904 -63.5815081614943 128.038106261454 101.641909017364;-26.633876483041 -1.27113622337655 -101.448389154423 50.6014330780312 -225.176876206249 -277.277158262443 -249.762576582593 -317.921920454546 -413.152236846867 -351.229532736863 30.8334058195635 235.906731769997 453.54962248284 24.697192823365 -281.428252948856 -467.999321795402 -493.987273124567 -306.367389675588 -250.585499170982 -280.052121106626 -95.2443249467073 -38.7876296257793 -161.607549488612 82.5362677857829 -97.5877365719646 16.6853043310073 -117.836399128376 -357.483766751489 -488.875836193609 -245.305892960187 -121.337948717556 80.9340002633459 202.494406644183 -63.1871225627127 1.85328136299674 -56.0664165050166 23.5638098824675 -34.5106723823692 25.3160581819116 -49.3478188925686 -0.0906034619235574 -79.7873245635892 140.181505545287 25.2605626027046 -36.7274367597683 56.560828483063 -97.564082816301 112.078425011946 -222.94920160449 -177.784517129004;-4.92746732291703 0.145842901188023 -18.312749935867 9.10731133575326 -42.1384633565978 -52.480450838685 -47.5428727498031 -59.159324749711 -76.375660649242 -65.3277224548301 5.06962380226142 43.2197573537535 83.1241838255057 4.18885513406758 -52.357032361539 -86.4319591481637 -91.2248473978629 -57.6467605819271 -47.7322286288833 -52.4041154440392 -17.9397710204405 -6.83011174444965 -29.3962909337196 15.7361990570292 -17.7825521200442 3.42307476356458 -21.5574180467673 -65.5715386736991 -89.6520336736696 -45.0868497356788 -22.1749565834084 15.0570184644852 37.3898266735432 -11.1207466868191 0.0978243395657794 -9.94067822586421 4.39999677964609 -6.01162257140974 4.43462184495449 -8.67428582670742 0.196987949029323 -13.9814482171815 25.2605626027046 5.84762724180996 -5.933851760411 10.7486829174185 -17.6509788592869 21.1365311679655 -40.4272765823885 -32.7232186131246;6.86703048925679 0.778164048969918 27.1091170152752 -13.4267732516711 58.1613500459165 70.5641146505168 63.0215068973879 82.2878296702056 107.643118201637 90.9508089985978 -8.8682506538556 -61.8718321987041 -119.136400159259 -6.77332878417266 72.9240223838501 122.053449558519 128.821318272763 78.3807673802841 63.2853729376102 72.2468144417385 24.5380031570057 10.5074374172363 42.8229240900439 -20.8619617863643 25.7433006046225 -3.9239653902917 31.3908829429265 94.2201983614583 128.706572705352 64.7158787751819 32.1365481635902 -21.1358564587864 -52.9227001396621 17.4575298286823 -0.998632512034753 15.3767198947044 -6.05567690955738 9.61118941415397 -7.09984226393329 13.6695160031157 0.393987036096386 21.9603867117295 -36.7274367597683 -5.933851760411 11.4935684946049 -14.5230512723759 26.1172626322838 -28.5103268269943 59.4891045133965 46.4644559267711;-10.8649329780058 -0.217316122271591 -41.2265567622287 20.4284368126107 -92.5949860385378 -114.378218952856 -103.166060651387 -130.31353969604 -168.967987972142 -143.900571083712 12.2091036180263 96.2901744873832 185.090108276161 9.88360923689111 -115.313042748977 -191.336515464897 -201.966706501461 -126.044882044874 -103.573342950964 -115.119785383303 -39.3109805034672 -15.6635281916203 -65.7645745331234 34.1014128149549 -39.7333936476414 7.03287366291384 -48.1175744024427 -145.947130120295 -199.530296564323 -100.248106525688 -49.5163720623885 33.1827733134925 82.8082493530135 -25.4944433688063 0.654090300959781 -22.6821599424056 9.71674587984366 -13.8934828508783 10.2536686887778 -19.8992705836184 0.0876242916945687 -32.1334166204816 56.560828483063 10.7486829174185 -14.5230512723759 23.6994956298149 -39.7142461848349 46.0908419075516 -90.7155491415757 -72.7395728740224;18.5856243951405 0.915827221686807 71.2136952534787 -35.5076114589067 157.892455275458 194.344939390532 174.996811727047 222.938428314491 289.724989025522 246.206118475092 -21.7300357895548 -165.495680697246 -318.14653221414 -17.3707688373408 197.274400141937 328.196918704578 346.45888896263 214.742173824764 175.596460175255 196.366596909547 66.7673797219306 27.2140678562505 113.397947489795 -57.8331673396919 68.5191702610133 -11.5388436805029 82.7812632260406 250.872852242751 343.037793672821 172.186682049583 85.2514793176236 -56.6690945317928 -141.981016006701 44.4652787045172 -1.43081567982625 39.46454847713 -16.5701443911672 24.2993659060073 -17.8760262167236 34.719211165943 0.134795983881906 56.0353866050904 -97.564082816301 -17.6509788592869 26.1172626322838 -39.7142461848349 68.6706102101073 -78.5153025451461 156.57971578226 124.814443919328;-21.4850301691843 -0.565633846071375 -81.6270276432 40.6160471395987 -182.965787702764 -226.095037401309 -204.041218099985 -257.95444925748 -334.529482801132 -284.823418093966 24.2463296068752 190.675479364465 366.407025800744 19.6902622622254 -228.185955718225 -378.816883498655 -399.895194631527 -249.35503025542 -204.732932528971 -227.551286854755 -77.5391339816661 -31.0620349105215 -130.224423907721 67.4709886230423 -78.7828880629979 13.7353660371174 -95.10250222711 -288.788821630624 -394.904998466298 -198.241032442288 -98.022936778454 65.4528749332012 163.819968908858 -50.4331222717752 1.21797617383556 -44.8841524925086 19.2335261398962 -27.4938064240957 20.2130528126481 -39.3466988061616 0.173581957445247 -63.5815081614943 112.078425011946 21.1365311679655 -28.5103268269943 46.0908419075516 -78.5153025451461 91.3892899010955 -179.652987370608 -144.036252355139;42.6734058403759 1.96481665548251 162.840499335264 -80.9817846700773 361.528075540194 445.02478070013 400.761658409576 510.222354253724 663.058602769322 563.692956855501 -49.4354957271049 -378.719068914912 -727.972792404687 -39.6306807989133 451.706443423983 751.102207241712 792.738419886082 491.601198099554 402.142424125911 449.545374209663 153.012024128195 62.3096556922762 259.334597269574 -132.823924279387 156.697897776666 -26.3818950388858 189.501807458999 573.787439703404 784.577657766666 393.967622329953 195.137404928223 -129.708164965318 -324.856562939773 101.605812100749 -3.28211742401277 90.1832600786764 -37.9640394378436 55.4975595203527 -40.8917619454497 79.3004381970975 0.279811693841132 128.038106261454 -222.94920160449 -40.4272765823885 59.4891045133965 -90.7155491415757 156.57971578226 -179.652987370608 359.696368537682 286.466231004975;34.2603481546947 1.02115848607878 129.799200268537 -64.4257416514041 290.259678777482 357.918962725905 322.438073269867 408.735468166332 530.975527918144 452.398030491233 -38.6175196104181 -303.39314154973 -582.817781818995 -31.2996828399275 362.681100101937 601.601310895754 634.37449086195 394.683961576347 323.734623232084 360.857878112045 123.125001727235 49.246960914123 207.265272675218 -106.88086269613 125.493604380945 -21.0878253974107 152.078665288133 458.888456655864 627.273216978828 315.654715578614 156.539082848718 -103.545938887363 -260.175423515476 80.7795045976266 -2.46138826757102 71.7589202243275 -30.5471029645636 44.0452084413064 -32.5545089395189 62.9748154409201 0.0510536216494509 101.641909017364 -177.784517129004 -32.7232186131246 46.4644559267711 -72.7395728740224 124.814443919328 -144.036252355139 286.466231004975 234.119871839696]

corrected cov matrix =[0.649988540384844 -0.118890729126848 -0.0246620314856728 -0.0571575263963848 0.0684589222545197 0.011335095330929 0.0556862134304768 -0.00267030838689427 0.0351730769802064 -0.0169500621022005 -0.0935259467185076 -0.0501079439706007 -0.0885354814851047 -0.197800702363607 0.0140548457659936 -0.0604407529519816 -0.0744311000257602 -0.0341755889655645 -0.000951597778919016 0.130452248139248 0.058764657465719 0.0418311941211352 -0.133436422500284 0.160074168046964 0.111943933394907 -0.0749774512570361 -0.0501055329590494 0.175163608394527 -0.0827915224668296 -0.0722654273769006 0.0356355221516067 0.0317896513796365 -0.0885157248795253 0.0124775361081122 -0.0350937715836939 0.0139508372697213 -0.0212081122247316 -0.00127111347809898 -0.028811736962337 -0.023234360498029 0.0264565895961408 0.000453392568972167 0.0916227955860345 0.00846404446506498 -0.0221579799783148 -0.00890368101739307 0.0108756766809087 -0.0249213345889351 0.0248997866735805 0.09258791788827;-0.118890729126848 1.52818867848815 0.113771121475919 -0.0895329888782672 -0.0470596393637141 -0.0147003687601279 0.00611755750620721 0.0290456599106254 0.266521880669786 -0.0991354029978572 -0.117193722435334 0.0796167283066806 -0.0684462556276061 -0.110727575959446 -0.0335902849250476 0.0771224827557436 -0.066321221196654 -0.00121763609755189 0.000533193793637578 0.0251551273737996 0.0415595229713721 -0.0191558776075874 -0.0645681440153197 -0.0975655454186479 -0.195314088668947 -0.00297859216480923 -0.0989025892489887 -0.0812204239357022 -0.0615472881666834 -0.0699272074471105 0.16356648493431 -0.282960490919425 -0.0442814293061349 0.0170670627543712 0.00677559322039945 0.0167482858528249 0.00205355740525097 0.00459527694139494 0.0177091086142033 -0.0117636805648897 0.0130935842205307 0.0013549859774078 -0.0101855750915314 0.0770381814689722 -0.0408660862905449 0.0797261509240196 -0.0295359977625111 0.0446901064301343 -0.0974035333242634 -0.06812675895966;-0.0246620314856728 0.113771121475919 1.54069859547057 0.126514533080125 -0.111188730436663 -0.144398812509387 0.209219864599522 0.15207186727789 0.119218572538012 -0.123623881567731 -0.266948028926828 -0.16782638527903 -0.089655300080406 -0.0812365150323436 0.101294588905614 0.101500895282557 0.163297753503996 0.181113056529994 -0.0204580443330969 -0.0151673076711027 0.0969295779246986 -0.0461317963708715 -0.0536175303008657 -0.0375507163079123 -0.277217896476026 0.0437409881507343 0.249361909338997 -0.104708260121921 -0.0835353617418172 0.167651231245334 -0.159361472105051 0.00285196568962896 0.132750793024926 -0.00633410589566107 -0.0147483044011464 -0.0421861386274054 0.0051720457761195 -0.00616608858409325 -0.0241061103223873 0.00263403470237172 0.0108154696375435 0.016821907200845 0.0374995203950894 -0.122188741285735 0.113487854159734 -0.0851071432886255 0.0510740001409482 -0.0187283323098586 -0.113697578919018 -0.0682599159726568;-0.0571575263963848 -0.0895329888782672 0.126514533080125 1.87126657572773 -0.026958711936222 0.133404142017303 0.194960933329887 -0.0695396822275898 -0.381209893579405 -0.257521544511941 -0.231504893336514 -0.375271245451211 -0.300024868770189 -0.22845625350892 -0.305694893190712 -0.399843959417707 0.00496075844532736 0.202475416590659 0.157904491779674 -0.105884905385072 -0.16691816499301 -0.0924902983432185 0.0438124591880628 0.0173544404795164 0.18479172958822 -0.0548171584828868 2.91362391038222e-05 0.00348797245496703 -0.00951141140920572 0.159514348305 0.324485648506832 0.115682372895711 0.0021157601881458 -0.038687618298639 -0.029200994842292 -0.0442717196403503 -0.0147660503201291 -0.0365444199864717 -0.0123840478323222 -0.0415174602792443 -0.0179753402305477 -0.0509156126446485 -0.0105919272810219 -0.0328353885991864 -0.0254516173483756 -0.00201753561027633 -0.0614577484831851 0.0259288926318687 -0.0247345296316 8.7251079138478e-05;0.0684589222545197 -0.0470596393637141 -0.111188730436663 -0.026958711936222 1.82889032724224 0.209141314653081 0.244811830455697 0.0196021512592153 -0.0516026679923187 -0.263876429489854 -0.412539916341066 -0.277814776755371 -0.251662159251687 -0.275251427008084 -0.140012911293572 -0.183932591125537 -0.136307039890785 0.180026255083396 0.360294008853778 -0.0303662300840889 -0.0982700338523823 -0.0843173112478117 0.127980194061534 0.0181729052346593 0.0655179065876663 0.245972332979512 0.112126417231976 0.209400702667761 0.297472968952525 0.0416402471933421 0.135791162348175 0.184655023013834 -0.0629268807926947 0.0168138453523359 -0.00250268260755689 0.0202291097628212 -0.00478941680695414 0.00604571799350005 -0.00283912907679542 0.0109149117239462 0.00251806451025492 0.00688100850254083 -0.0125316042534461 0.0352955807046388 0.00548271140705749 -0.010553509648045 0.0210941661322058 -0.0220583842204838 0.0401751785596156 0.00830171632423244;0.011335095330929 -0.0147003687601279 -0.144398812509387 0.133404142017303 0.209141314653081 1.99466428105628 0.127385873094915 -0.0824985190886547 -0.142230118878123 -0.269303947134251 -0.342788343760588 -0.31059111547406 -0.268246455844153 -0.254908012261262 -0.18102131240267 -0.0680329789921597 0.0142715877846114 0.103036536603274 -0.144846152079147 0.217751830925302 0.231674804747755 -0.0619628921716973 -0.0209874689555762 -0.111834955623971 0.0597427723047135 0.0417009872579493 0.388403227280341 0.324458872376709 0.232779570882259 0.422343516681921 0.224357526508378 0.0579997149721535 0.0381748940089867 -0.0440468617826928 0.0160329769834004 -0.0324595101688906 -0.00494518179085298 -0.0181670013282313 -0.00531670181467 -0.00831788352964163 -0.0218803198427551 -0.032268955277016 -0.0419887468558277 -0.0801167139519776 -0.0395333844129604 -0.0661248090870455 -0.00201451518257263 -0.0573697604266532 -0.037484136481917 -0.0336527737313744;0.0556862134304768 0.00611755750620721 0.209219864599522 0.194960933329887 0.244811830455697 0.127385873094915 1.85448378051953 0.0468856572343166 0.0480798146932593 -0.14978877926316 -0.167686514975553 -0.197899018839585 -0.178492046022616 -0.276931724203573 -0.186495228537245 -0.0189679110765923 -0.0643506552429512 -0.216196081967322 -0.110346231683073 0.126444074374528 0.322974654015945 0.0962012176993403 0.14486401617755 -0.0416609149348544 -0.0787888090216521 0.126943160913165 0.248671470066931 0.220509630860616 0.349537438354375 0.292634234924394 0.199864600771299 0.0256054000698276 -0.131380914183949 -0.0353773769665894 -0.00626991768369573 -0.0287233827297225 -0.0391660294173498 -0.0410606118604918 0.00792677392564633 -0.0710425558818399 -0.00873526228648732 -0.0912409668841909 0.0659678468798125 0.0650804099510461 -0.157104435014224 0.0324590915946987 -0.0629300346391578 -0.0450883265443336 -0.00597353837038518 -0.0659919279161685;-0.00267030838689427 0.0290456599106254 0.15207186727789 -0.0695396822275898 0.0196021512592153 -0.0824985190886547 0.0468856572343166 1.75395458007123 0.0657490897188746 0.313489208889991 -0.204174796245265 -0.00655112250628347 -0.212958227193575 -0.0518026198846632 0.0753087849736057 0.259006972358606 0.167403751799462 0.0393072435606825 0.0371306518543759 -0.0428511653355055 0.243325012115116 0.217606533518299 0.108900904060114 0.0137389946724694 0.126314420520119 -0.130159196461739 -0.24771064559797 -0.0690246431633753 0.134362170388867 -0.225341238064044 0.0897844814824245 0.0656727408376514 -0.164375644136449 0.0690953614652452 -0.0191034387844591 0.0318877741105087 0.00735678330674111 0.0261634275113619 -0.0216925790207639 0.0233412710263295 0.0274058984366675 0.0672046374338813 -0.108931405853793 0.0173383516928865 0.0770208316190924 -0.0230700315191766 0.098422951453676 -0.0734520079085775 0.153846209423022 0.0215219693593033;0.0351730769802064 0.266521880669786 0.119218572538012 -0.381209893579405 -0.0516026679923187 -0.142230118878123 0.0480798146932593 0.0657490897188746 1.92099124476995 0.430862849249362 0.315169119134715 0.129173067414827 -0.112823177519192 0.269766805078074 0.430609936962574 0.420890309169836 0.5169935128251 0.0922619730415304 -0.132396097093181 -0.128270238916845 -0.101909687145934 -0.172153711609386 0.182416775569827 -0.0755975165856298 -0.0262980599220694 -0.00906715794458364 -0.373019956153486 -0.277918046854457 -0.015325290968285 -0.197376405365911 -0.220649642637874 -0.308064102661429 -0.160991153428032 0.124921338386693 -0.0413796854228542 0.108529687208473 -0.0144495121377353 0.0765554633412495 -0.0624152889767229 0.09992544477748 0.0249417944339391 0.191383586359437 -0.273590331394902 0.0596909970766891 0.137854702321149 -0.00664735145720196 0.134821749661848 -0.05595632694858 0.350590338441646 0.152788659188319;-0.0169500621022005 -0.0991354029978572 -0.123623881567731 -0.257521544511941 -0.263876429489854 -0.269303947134251 -0.14978877926316 0.313489208889991 0.430862849249362 2.33786401710219 0.454955743938086 0.295240084132929 0.144382389567784 0.545409108486077 0.496756706284796 0.403719614038266 0.283225874851868 0.0274932018584219 -0.280437122625021 -0.0593346458114451 -0.38095120863094 -0.109996003592907 0.242493859403616 0.0712233073475038 -0.141361929794022 -0.178943960157414 -0.143057945944238 -0.0455494963166996 0.0816958481020361 -0.10441271926743 -0.214998569595311 -0.201826177990099 -0.203817387915919 0.0734273911426859 -0.00757129444222131 0.0958483408859703 -0.0303572510877925 0.0483181911280409 -0.0262465897905189 0.0645978250975006 -0.00646949502686623 0.101821766069337 -0.150097478068238 -0.0327845931693055 0.0416341290666229 -0.0147540086262035 0.0652488096479129 -0.0581098819614285 0.302884742468338 0.230234589797429;-0.0935259467185076 -0.117193722435334 -0.266948028926828 -0.231504893336514 -0.412539916341066 -0.342788343760588 -0.167686514975553 -0.204174796245265 0.315169119134715 0.454955743938086 1.93438699926792 0.544036266749242 0.221273237902778 0.440240262967332 0.508664197406059 0.289354344723536 0.119848441688663 -0.077088997530436 -0.23403274994099 -0.242974703610681 -0.222555780203276 0.0400325295469365 -0.00956240044965913 0.0817230707738293 0.116216222342354 -0.113905947743965 -0.135006955212849 0.0546215028375855 -0.00550740117187262 -0.0761291193474595 -0.0524098124083962 -0.195548653024277 -0.130265481434174 0.00107299157998655 -0.0114207380232833 0.000121000319247254 -0.0121599176391254 -0.0167735089707256 -0.00450219069299006 -0.0448072327614717 0.00979456551648514 -0.0347980427936622 -0.00448207890398273 0.0265381945721894 -0.0632136682986245 0.010387633068615 -0.00513437970295142 -0.0459063349717432 0.0136922237234453 0.101980315134542;-0.0501079439706007 0.0796167283066806 -0.16782638527903 -0.375271245451211 -0.277814776755371 -0.31059111547406 -0.197899018839585 -0.00655112250628347 0.129173067414827 0.295240084132929 0.544036266749242 2.17922293612801 0.341129054722349 0.204367286620843 0.278315311973991 0.179209339160287 -0.00724075097301588 -0.231960755745334 -0.241313839351108 -0.274711859555535 -0.25623746647251 -0.186629920730087 -0.110437127292034 -0.100328121420973 -0.0750970145735936 -0.118433033987449 -0.185830577402224 0.00790950507674664 -0.0518891443511094 -0.0757292694736058 -0.0856709420175808 -0.123514218665787 0.0226852544729981 -0.0115112164110618 -0.00246592049448121 -0.0260589911482301 -0.0180986100070088 -0.00633090332278565 -0.0140306321907667 -0.0267517443001635 0.0131860365815116 0.000710014863822465 0.0266708072469305 -0.038499084879434 -0.0188609605923796 0.000445373030061521 0.00946482162647503 -0.0400994279624084 0.0680043815544572 -0.00228706819311723;-0.0885354814851047 -0.0684462556276061 -0.089655300080406 -0.300024868770189 -0.251662159251687 -0.268246455844153 -0.178492046022616 -0.212958227193575 -0.112823177519192 0.144382389567784 0.221273237902778 0.341129054722349 2.18916914478772 0.343915608765816 0.228906377173832 -0.0144629340139221 -0.17769542615226 -0.206757103441081 -0.30425464182631 -0.284511503087017 -0.314639079000761 -0.248419058294405 -0.011642352560317 -0.0134947697582237 -0.090470880544619 -0.193848416797072 -0.134031212413347 -0.150752803461789 -0.0917535786333646 0.018378660650367 -0.0788823380142928 -0.15774071653244 0.011358108830238 -0.00955111642765311 -0.0209731634481295 -0.0254751148128701 0.0197343038436534 -0.0188703357601651 -0.00214047092140675 -0.0362706628797274 0.0212434181740073 0.00440233447667631 -0.0612129377725256 -0.0126857484749884 0.0268121726924614 -0.00815258913748318 0.0159964001785823 -0.00691808357948301 0.0587706239449233 0.0465243044186358;-0.197800702363607 -0.110727575959446 -0.0812365150323436 -0.22845625350892 -0.275251427008084 -0.254908012261262 -0.276931724203573 -0.0518026198846632 0.269766805078074 0.545409108486077 0.440240262967332 0.204367286620843 0.343915608765816 2.1787132121714 0.464470612387563 0.380889346678949 0.0438985639649476 -0.0804126618376657 -0.284956415658161 -0.329563126671423 -0.154184638578323 -0.274936494197543 -0.215006268904292 -0.101386618396519 0.0715192566293938 -0.106834169951556 -0.0158741996446314 0.114128535534355 -0.0630314895134926 -0.218215199890046 -0.109502855668054 0.14596729416196 -0.146708268176793 0.0111022106714873 0.00871071102839194 -0.00698838664827478 -0.0065295518303781 -0.00423127062666307 0.00345430655187003 -0.00577269902146273 -0.00205934133365971 0.0282041386375977 -0.113091498034213 -0.13494104546129 0.0245962569978939 -0.0692827223759344 0.0556704202015804 -0.0717150334165891 0.0178479716214668 -0.0244399623104742;0.0140548457659936 -0.0335902849250476 0.101294588905614 -0.305694893190712 -0.140012911293572 -0.18102131240267 -0.186495228537245 0.0753087849736057 0.430609936962574 0.496756706284796 0.508664197406059 0.278315311973991 0.228906377173832 0.464470612387563 2.41365606941204 0.619979020809277 0.354271022800624 -0.197679733666011 -0.183890593647357 -0.38742253708658 -0.265213350846424 -0.198214603610923 -0.0747078689372544 -0.0667850227225087 0.0816450013433978 -0.115362961104458 -0.105263925201124 -0.108464056803519 0.0943553283814997 -0.0801565259242264 -0.0567532149567742 -0.15712459719097 -0.183386469601334 0.0446867922132198 0.00257991168490127 0.0356187647257702 -0.0223258420137391 0.01531005068872 -0.00181388567970555 0.00883358960952143 0.00777089535436457 0.0478972089894811 -0.0671722030716842 -0.00112787954483529 -0.011049620607826 0.00270054299091501 0.0346485903592621 -0.0423369419032648 0.0838439637744055 0.0912852073030272;-0.0604407529519816 0.0771224827557436 0.101500895282557 -0.399843959417707 -0.183932591125537 -0.0680329789921597 -0.0189679110765923 0.259006972358606 0.420890309169836 0.403719614038266 0.289354344723536 0.179209339160287 -0.0144629340139221 0.380889346678949 0.619979020809277 2.36881638521291 0.362468416247036 -0.0418579530153509 -0.164928357184448 -0.120495506175437 -0.264775377281553 -0.0476796311054495 0.0842924852499887 -0.0404645138853804 0.0755637560105109 -0.414607472571784 -0.131774233346443 -0.118684668122684 -0.169655447415054 -0.157954190327527 -0.2111167392819 -0.239667814895417 -0.184667498253265 0.114545066881674 0.00255648447855057 0.107910059269594 6.34219933610451e-05 0.0761564172706971 -0.0290271339851649 0.106778000832054 0.0125557477794098 0.174699329432472 -0.253617684189003 -0.023001275995808 0.118736545729143 -0.0488223579861049 0.16366289395905 -0.111467127775745 0.356951713753531 0.175708197171882;-0.0744311000257602 -0.066321221196654 0.163297753503996 0.00496075844532736 -0.136307039890785 0.0142715877846114 -0.0643506552429512 0.167403751799462 0.5169935128251 0.283225874851868 0.119848441688663 -0.00724075097301588 -0.17769542615226 0.0438985639649476 0.354271022800624 0.362468416247036 1.99742905296542 0.1305308505597 0.0492645352039941 0.084947433626384 -0.219839382497461 0.0654913360538164 0.192141653762637 0.0855300836545621 0.126551486461587 -0.276119271749617 -0.23817496137673 0.0436166562951533 -0.134949132034644 -0.197065544840091 -0.14714600328715 -0.0672905786210844 -0.20149001312827 0.126813333729382 0.0186207284084736 0.101298596767944 0.0164624373028089 0.0807741685193124 -0.0103077771953038 0.108073800550947 0.0237834247532867 0.165322309409838 -0.183424087997454 0.0519664697909646 0.106552300578414 -0.0147328893885883 0.184237842970604 -0.129489232354311 0.358415829842404 0.0308314919711611;-0.0341755889655645 -0.00121763609755189 0.181113056529994 0.202475416590659 0.180026255083396 0.103036536603274 -0.216196081967322 0.0393072435606825 0.0922619730415304 0.0274932018584219 -0.077088997530436 -0.231960755745334 -0.206757103441081 -0.0804126618376657 -0.197679733666011 -0.0418579530153509 0.1305308505597 1.94476489564681 -0.0473157330342402 0.140212537082439 0.0854295895475408 0.285158917034799 0.0200224819060055 -0.0770370396810391 0.0771960741813414 0.166329599347054 0.00329676275729092 0.29499779342668 0.242950606179119 0.0486786083956207 0.0787878508785473 -0.0979530912251372 0.0205671925664657 -0.0210064505407116 0.0158461724206014 -0.0253914685362249 -0.0103715412896829 -0.00896638717408243 -4.81586150850987e-05 -0.00190530417610153 -0.0134661635191512 0.000867900303908829 -0.0153935579864771 -0.0748309876316348 -0.020196310294328 -0.0421264474492963 0.016379908785101 -0.0524126250002364 0.00854316441141079 0.0448191284860479;-0.000951597778919016 0.000533193793637578 -0.0204580443330969 0.157904491779674 0.360294008853778 -0.144846152079147 -0.110346231683073 0.0371306518543759 -0.132396097093181 -0.280437122625021 -0.23403274994099 -0.241313839351108 -0.30425464182631 -0.284956415658161 -0.183890593647357 -0.164928357184448 0.0492645352039941 -0.0473157330342402 2.02788794851456 0.246196787186176 0.177917965952549 0.050380593078511 0.00708488827733172 -0.159964887090483 0.0126869511973678 0.0767650895010321 0.463888428866621 0.303743683283367 0.246852304900706 0.460856905158254 0.145727980437703 0.00943150662950052 0.0743300563198299 -0.0669390305089956 0.0184141192721608 -0.0599880341399017 -0.00536069632102304 -0.0358943518120464 0.0027451671393491 -0.0293128896346496 -0.0267217579332247 -0.0513341451706345 -0.0287004080170185 -0.105192033288402 -0.0582368992396571 -0.0780050107745894 -0.0138183939414554 -0.0628644754940129 -0.0728597672193094 -0.0144908025357675;0.130452248139248 0.0251551273737996 -0.0151673076711027 -0.105884905385072 -0.0303662300840889 0.217751830925302 0.126444074374528 -0.0428511653355055 -0.128270238916845 -0.0593346458114451 -0.242974703610681 -0.274711859555535 -0.284511503087017 -0.329563126671423 -0.38742253708658 -0.120495506175437 0.084947433626384 0.140212537082439 0.246196787186176 1.95800053187858 0.114511372867963 -0.0831139796445665 -0.144430662544459 -0.0794575293777008 0.0716027135161339 0.174030700841841 0.10188664243795 0.235816047148848 0.25989975208955 0.271470713966295 0.191797844870561 0.135150986212226 -0.116320678872253 0.0237938903957444 -3.55133225218776e-05 0.0315884139891357 -0.00427380987636335 0.00811860436284666 0.00310038410413206 0.0128248297118152 0.00770885194141085 0.00357349654240094 0.0520187443283302 0.000189088399821669 0.0143884734555145 -0.031753631694751 0.0298497692081247 -0.0154373242887927 -0.0572071833321551 -0.0267100613418277;0.058764657465719 0.0415595229713721 0.0969295779246986 -0.16691816499301 -0.0982700338523823 0.231674804747755 0.322974654015945 0.243325012115116 -0.101909687145934 -0.38095120863094 -0.222555780203276 -0.25623746647251 -0.314639079000761 -0.154184638578323 -0.265213350846424 -0.264775377281553 -0.219839382497461 0.0854295895475408 0.177917965952549 0.114511372867963 1.47358756103499 0.179980764097413 0.0280276871039024 0.0465794669868021 0.0713961487885922 0.201458645136956 0.140095082193871 0.0929571993155905 0.229447745919664 0.00560221674914326 0.119150556095083 0.0475895854677756 0.119518495373257 -0.0375875499081548 -0.00466483482299007 -0.0431578077864774 -0.0115209823172497 -0.0277208319642224 -0.0026939833439224 -0.0349491315459111 -0.00217798901312268 -0.0428414253978697 0.0868579027681727 -0.00631175939676808 -0.0250376505766263 -0.0211414355227145 -0.0182426846595813 -0.0236456217485797 0.0302931720294547 0.0978422757549613;0.0418311941211352 -0.0191558776075874 -0.0461317963708715 -0.0924902983432185 -0.0843173112478117 -0.0619628921716973 0.0962012176993403 0.217606533518299 -0.172153711609386 -0.109996003592907 0.0400325295469365 -0.186629920730087 -0.248419058294405 -0.274936494197543 -0.198214603610923 -0.0476796311054495 0.0654913360538164 0.285158917034799 0.050380593078511 -0.0831139796445665 0.179980764097413 1.55650401596673 0.0720642718304505 -0.0626409890161088 -0.0703900676171624 -0.0713566296830272 0.137507673316674 -0.0131045426806309 -0.173214564894907 0.210244348823816 -0.00926506093194186 -0.0349285977651139 -0.0771132233635153 0.0295385283694413 -0.0392912052384561 0.0289099792988217 -0.0297219178910282 0.00686886506377126 -0.0218011297184238 -0.00496615487264732 0.0107759922754326 -0.0020990615002194 0.084151252164124 0.185634645138192 -0.0454292932118012 0.126214630501195 -0.0701818678177582 0.0931619363389669 -0.0639781796225228 -0.164555528722215;-0.133436422500284 -0.0645681440153197 -0.0536175303008657 0.0438124591880628 0.127980194061534 -0.0209874689555762 0.14486401617755 0.108900904060114 0.182416775569827 0.242493859403616 -0.00956240044965913 -0.110437127292034 -0.011642352560317 -0.215006268904292 -0.0747078689372544 0.0842924852499887 0.192141653762637 0.0200224819060055 0.00708488827733172 -0.144430662544459 0.0280276871039024 0.0720642718304505 1.36972583257201 0.0104493149814954 -0.0351772969505194 -0.0137038095561846 0.0093162912982069 0.12707562856655 -0.126579726161964 -0.00663828413680575 0.0839776586353299 -0.123281284967131 -0.0344360484455239 0.0232081845040068 0.002305946875717 0.0328647647385296 -0.0213677374264046 0.0156842218250389 -0.00771527741947237 0.0249213921787284 -0.00602914315290273 0.0430764075785347 -0.0532493418011343 -0.0222412442625077 0.000742925586960754 -0.00226405009787605 0.0136720560281169 -0.00666235295967833 -0.000708127586704726 -0.0443373413050991;0.160074168046964 -0.0975655454186479 -0.0375507163079123 0.0173544404795164 0.0181729052346593 -0.111834955623971 -0.0416609149348544 0.0137389946724694 -0.0755975165856298 0.0712233073475038 0.0817230707738293 -0.100328121420973 -0.0134947697582237 -0.101386618396519 -0.0667850227225087 -0.0404645138853804 0.0855300836545621 -0.0770370396810391 -0.159964887090483 -0.0794575293777008 0.0465794669868021 -0.0626409890161088 0.0104493149814954 0.777087708272837 0.064265143010885 -0.110894810953928 -0.171622457000894 -0.0960649250276366 -0.118549665981581 -0.147678853436863 -0.107840936950817 0.111177146057404 -0.0311691536569774 0.0164127037210546 0.0203036533258588 0.00950488418935984 0.0278750231349883 -0.00204205648238961 0.0343128297066793 -0.030550896484719 0.0228836451966989 -0.00314225651746307 -0.0491894376733374 -0.0320880406631301 0.0305065037893222 -0.0224060776548045 0.0412042369812785 -0.0312943651942795 0.0632452728409559 -0.181237685646867;0.111943933394907 -0.195314088668947 -0.277217896476026 0.18479172958822 0.0655179065876663 0.0597427723047135 -0.0787888090216521 0.126314420520119 -0.0262980599220694 -0.141361929794022 0.116216222342354 -0.0750970145735936 -0.090470880544619 0.0715192566293938 0.0816450013433978 0.0755637560105109 0.126551486461587 0.0771960741813414 0.0126869511973678 0.0716027135161339 0.0713961487885922 -0.0703900676171624 -0.0351772969505194 0.064265143010885 1.59037835219943 0.211527078665297 0.129095588823574 -0.145457335434014 0.0157642552431088 0.132287012702385 -0.0894432919999802 -0.0679542491309822 0.00956642734121893 0.0285879877266814 -0.011729589744355 0.0143596100121558 -0.0107420932447847 0.0143736169429059 -0.0133073482566029 0.019483239235024 0.0113366026460074 0.0459891571815163 -0.0380892807097094 0.0709910196666376 0.0100606303142089 0.0395948458760709 0.0123895641317253 0.00159503693083307 0.118220269383172 0.0525392285354242;-0.0749774512570361 -0.00297859216480923 0.0437409881507343 -0.0548171584828868 0.245972332979512 0.0417009872579493 0.126943160913165 -0.130159196461739 -0.00906715794458364 -0.178943960157414 -0.113905947743965 -0.118433033987449 -0.193848416797072 -0.106834169951556 -0.115362961104458 -0.414607472571784 -0.276119271749617 0.166329599347054 0.0767650895010321 0.174030700841841 0.201458645136956 -0.0713566296830272 -0.0137038095561846 -0.110894810953928 0.211527078665297 1.8667336160838 0.375235671844444 0.135625542175218 -0.360877007571888 0.241954059392154 -0.121387015933628 -0.316633944290629 -0.109966426691448 0.022116283639184 -0.0248020932821612 0.0282708348525224 0.00343670114764436 -0.00294456067772606 -0.00803106296675918 -0.00828705003300286 0.0152767089892671 -0.0268340673537628 0.0692227753250187 0.0211997525612033 0.00866699927951384 0.00214786229043725 0.0137918203888944 -0.00666476569374581 0.0227988347138624 0.238810022619644;-0.0501055329590494 -0.0989025892489887 0.249361909338997 2.91362391038222e-05 0.112126417231976 0.388403227280341 0.248671470066931 -0.24771064559797 -0.373019956153486 -0.143057945944238 -0.135006955212849 -0.185830577402224 -0.134031212413347 -0.0158741996446314 -0.105263925201124 -0.131774233346443 -0.23817496137673 0.00329676275729092 0.463888428866621 0.10188664243795 0.140095082193871 0.137507673316674 0.0093162912982069 -0.171622457000894 0.129095588823574 0.375235671844444 1.95325700734212 0.168181997958245 0.288581984713397 -0.00812861760153213 0.137971634450047 0.286985829768888 -0.0398949398003903 -0.0412462631227664 -0.0182462784393213 -0.0281959044956304 -0.0325611105276028 -0.0312044770820113 -0.019321202364106 -0.0392540440469557 -0.0210348036932121 -0.065621702797607 0.0170947120010887 -0.0692272743276375 -0.044256374795221 -0.0164512853191674 -0.06381830899508 0.0141392927831197 -0.0664542994532433 0.124907239569962;0.175163608394527 -0.0812204239357022 -0.104708260121921 0.00348797245496703 0.209400702667761 0.324458872376709 0.220509630860616 -0.0690246431633753 -0.277918046854457 -0.0455494963166996 0.0546215028375855 0.00790950507674664 -0.150752803461789 0.114128535534355 -0.108464056803519 -0.118684668122684 0.0436166562951533 0.29499779342668 0.303743683283367 0.235816047148848 0.0929571993155905 -0.0131045426806309 0.12707562856655 -0.0960649250276366 -0.145457335434014 0.135625542175218 0.168181997958245 2.19506620847458 0.405016056679722 0.23935795003563 0.147028285361371 -0.168677822379432 -0.0207278428976793 -0.0424323473605389 0.00739933928733182 -0.0801497797744694 -0.00493947386294098 -0.0392859672630301 -0.00177603490327918 -0.0590505306107622 0.00779812818338588 -0.0498358985521403 0.062213978910178 -0.08591553263694 -0.0287591540209158 -0.0847164909557286 0.021919676381465 -0.10156611262086 -0.0889212054097292 -0.0996962947213398;-0.0827915224668296 -0.0615472881666834 -0.0835353617418172 -0.00951141140920572 0.297472968952525 0.232779570882259 0.349537438354375 0.134362170388867 -0.015325290968285 0.0816958481020361 -0.00550740117187262 -0.0518891443511094 -0.0917535786333646 -0.0630314895134926 0.0943553283814997 -0.169655447415054 -0.134949132034644 0.242950606179119 0.246852304900706 0.25989975208955 0.229447745919664 -0.173214564894907 -0.126579726161964 -0.118549665981581 0.0157642552431088 -0.360877007571888 0.288581984713397 0.405016056679722 2.12511651125587 0.467791151869526 0.22219039619762 -0.167785539320079 -0.144471233192383 -0.0214116340211322 0.0283930191894985 -0.0186062196414792 -0.0183501989905504 -0.0107968806294463 -0.00410263638484202 -0.013272131688828 -0.0187734291660576 -0.0134870863793805 -0.0840391943229574 -0.0917521842423822 -0.0748248775869081 -0.0913651695449723 0.0465785283294393 -0.155177038940519 0.00899663253922493 -0.219234247092698;-0.0722654273769006 -0.0699272074471105 0.167651231245334 0.159514348305 0.0416402471933421 0.422343516681921 0.292634234924394 -0.225341238064044 -0.197376405365911 -0.10441271926743 -0.0761291193474595 -0.0757292694736058 0.018378660650367 -0.218215199890046 -0.0801565259242264 -0.157954190327527 -0.197065544840091 0.0486786083956207 0.460856905158254 0.271470713966295 0.00560221674914326 0.210244348823816 -0.00663828413680575 -0.147678853436863 0.132287012702385 0.241954059392154 -0.00812861760153213 0.23935795003563 0.467791151869526 2.1464415961371 0.1210999335736 0.175445786546009 -0.0230153451145359 -0.0592121534633376 -0.00477256452068109 -0.0616594626675012 -0.0339627640056918 -0.0476629848489255 -0.0109590299391746 -0.0675399410180673 -0.0164149138438281 -0.0776784559268038 -0.00805648019656168 -0.0650671894503932 -0.0827314440916322 -0.0508970726629282 -0.0366429739609552 -0.0640927797470957 -0.0433087554993933 0.10642312784505;0.0356355221516067 0.16356648493431 -0.159361472105051 0.324485648506832 0.135791162348175 0.224357526508378 0.199864600771299 0.0897844814824245 -0.220649642637874 -0.214998569595311 -0.0524098124083962 -0.0856709420175808 -0.0788823380142928 -0.109502855668054 -0.0567532149567742 -0.2111167392819 -0.14714600328715 0.0787878508785473 0.145727980437703 0.191797844870561 0.119150556095083 -0.00926506093194186 0.0839776586353299 -0.107840936950817 -0.0894432919999802 -0.121387015933628 0.137971634450047 0.147028285361371 0.22219039619762 0.1210999335736 2.03611092024636 0.244629245262502 0.00127140322210104 0.00169917142585306 -0.0327997945531524 0.0166399021583035 -0.0255852567911589 -0.0047387866326633 -0.0330994800393819 -0.00846045564707206 0.012002313126759 -0.0377192608669215 0.173925490669691 0.0251440106846715 0.00645055211758579 -0.00577603705678052 -0.0108282259917331 0.0130533849170494 0.0220670908798974 0.3097790018565;0.0317896513796365 -0.282960490919425 0.00285196568962896 0.115682372895711 0.184655023013834 0.0579997149721535 0.0256054000698276 0.0656727408376514 -0.308064102661429 -0.201826177990099 -0.195548653024277 -0.123514218665787 -0.15774071653244 0.14596729416196 -0.15712459719097 -0.239667814895417 -0.0672905786210844 -0.0979530912251372 0.00943150662950052 0.135150986212226 0.0475895854677756 -0.0349285977651139 -0.123281284967131 0.111177146057404 -0.0679542491309822 -0.316633944290629 0.286985829768888 -0.168677822379432 -0.167785539320079 0.175445786546009 0.244629245262502 1.57500873174011 -0.0950605001468019 0.0131448606357559 -0.0238520071229499 0.00748130914841644 0.00726266016442284 -0.0118578481896849 0.00352076377309244 -0.0202760386911374 0.0178731066101464 -0.0147769037179958 0.0545693550417586 -0.0159771513000811 0.0110982373853399 -0.00363961406482142 0.00908595757914604 -0.00993264149072354 0.157039629121776 0.183909910912922;-0.0885157248795253 -0.0442814293061349 0.132750793024926 0.0021157601881458 -0.0629268807926947 0.0381748940089867 -0.131380914183949 -0.164375644136449 -0.160991153428032 -0.203817387915919 -0.130265481434174 0.0226852544729981 0.011358108830238 -0.146708268176793 -0.183386469601334 -0.184667498253265 -0.20149001312827 0.0205671925664657 0.0743300563198299 -0.116320678872253 0.119518495373257 -0.0771132233635153 -0.0344360484455239 -0.0311691536569774 0.00956642734121893 -0.109966426691448 -0.0398949398003903 -0.0207278428976793 -0.144471233192383 -0.0230153451145359 0.00127140322210104 -0.0950605001468019 0.949807703268311 -0.143128634109303 0.0411321722719954 -0.155588708033862 0.0413930850255035 -0.0357537063485972 0.00634694843199466 -0.0192661543960775 -0.00498957535056585 -0.0181900130953858 -0.0535135175702418 0.0551570106104689 -0.0200344254160364 0.0544930359890567 -0.0423973080501013 0.0669885015666709 -0.00762479325656125 0.0177329268367602;0.0124775361081122 0.0170670627543712 -0.00633410589566107 -0.038687618298639 0.0168138453523359 -0.0440468617826928 -0.0353773769665894 0.0690953614652452 0.124921338386693 0.0734273911426859 0.00107299157998655 -0.0115112164110618 -0.00955111642765311 0.0111022106714873 0.0446867922132198 0.114545066881674 0.126813333729382 -0.0210064505407116 -0.0669390305089956 0.0237938903957444 -0.0375875499081548 0.0295385283694413 0.0232081845040068 0.0164127037210546 0.0285879877266814 0.022116283639184 -0.0412462631227664 -0.0424323473605389 -0.0214116340211322 -0.0592121534633376 0.00169917142585306 0.0131448606357559 -0.143128634109303 0.109319833047949 -0.0411237161708396 0.0835681434281121 0.00666648299726432 0.0480395853744683 -0.0252080269809169 0.0474115641592823 0.0312916176786745 0.0779757198136405 -0.0378994835214954 0.0231506933481021 0.0957300218724783 0.00597845075468979 0.0597014218814979 0.0141928768167868 0.0703144043312586 -0.0133174947842644;-0.0350937715836939 0.00677559322039945 -0.0147483044011464 -0.029200994842292 -0.00250268260755689 0.0160329769834004 -0.00626991768369573 -0.0191034387844591 -0.0413796854228542 -0.00757129444222131 -0.0114207380232833 -0.00246592049448121 -0.0209731634481295 0.00871071102839194 0.00257991168490127 0.00255648447855057 0.0186207284084736 0.0158461724206014 0.0184141192721608 -3.55133225218776e-05 -0.00466483482299007 -0.0392912052384561 0.002305946875717 0.0203036533258588 -0.011729589744355 -0.0248020932821612 -0.0182462784393213 0.00739933928733182 0.0283930191894985 -0.00477256452068109 -0.0327997945531524 -0.0238520071229499 0.0411321722719954 -0.0411237161708396 0.0552308641525879 -0.0528498718338242 0.00944027390105576 -0.0101538656379424 0.0324921209314706 -0.014414795063065 -0.0181062574559762 -0.0171250216672533 -0.044501561234847 -0.0226652226284587 -0.0488973512431283 -0.00834915204766895 -0.00660614580795075 -0.0321590904150626 -0.0217548915107017 -0.0365371196552444;0.0139508372697213 0.0167482858528249 -0.0421861386274054 -0.0442717196403503 0.0202291097628212 -0.0324595101688906 -0.0287233827297225 0.0318877741105087 0.108529687208473 0.0958483408859703 0.000121000319247254 -0.0260589911482301 -0.0254751148128701 -0.00698838664827478 0.0356187647257702 0.107910059269594 0.101298596767944 -0.0253914685362249 -0.0599880341399017 0.0315884139891357 -0.0431578077864774 0.0289099792988217 0.0328647647385296 0.00950488418935984 0.0143596100121558 0.0282708348525224 -0.0281959044956304 -0.0801497797744694 -0.0186062196414792 -0.0616594626675012 0.0166399021583035 0.00748130914841644 -0.155588708033862 0.0835681434281121 -0.0528498718338242 0.246797000914985 -0.0235728662725322 0.0301397679157214 -0.0142865875384982 0.0251392125441148 0.0220875371239164 0.0383987831872344 0.00342299898355272 0.00455627886838163 0.0664006460717649 -0.00758101608916402 0.0451290794782142 -0.00694099660593746 0.0536776090497463 -0.0240201359061087;-0.0212081122247316 0.00205355740525097 0.0051720457761195 -0.0147660503201291 -0.00478941680695414 -0.00494518179085298 -0.0391660294173498 0.00735678330674111 -0.0144495121377353 -0.0303572510877925 -0.0121599176391254 -0.0180986100070088 0.0197343038436534 -0.0065295518303781 -0.0223258420137391 6.34219933610451e-05 0.0164624373028089 -0.0103715412896829 -0.00536069632102304 -0.00427380987636335 -0.0115209823172497 -0.0297219178910282 -0.0213677374264046 0.0278750231349883 -0.0107420932447847 0.00343670114764436 -0.0325611105276028 -0.00493947386294098 -0.0183501989905504 -0.0339627640056918 -0.0255852567911589 0.00726266016442284 0.0413930850255035 0.00666648299726432 0.00944027390105576 -0.0235728662725322 0.110492969583418 -0.0189846899524882 0.0154836462926016 0.00167711686092475 0.00710893749761095 0.016187175599417 -0.0464055042823697 -0.00762445546275787 0.0214163732745077 0.00313438323446956 0.0025814434561123 0.0233673949702511 -0.0116768509579265 -0.0555197818466971;-0.00127111347809898 0.00459527694139494 -0.00616608858409325 -0.0365444199864717 0.00604571799350005 -0.0181670013282313 -0.0410606118604918 0.0261634275113619 0.0765554633412495 0.0483181911280409 -0.0167735089707256 -0.00633090332278565 -0.0188703357601651 -0.00423127062666307 0.01531005068872 0.0761564172706971 0.0807741685193124 -0.00896638717408243 -0.0358943518120464 0.00811860436284666 -0.0277208319642224 0.00686886506377126 0.0156842218250389 -0.00204205648238961 0.0143736169429059 -0.00294456067772606 -0.0312044770820113 -0.0392859672630301 -0.0107968806294463 -0.0476629848489255 -0.0047387866326633 -0.0118578481896849 -0.0357537063485972 0.0480395853744683 -0.0101538656379424 0.0301397679157214 -0.0189846899524882 0.0863960887547743 -0.0322868135061622 0.0422428908162111 0.0159396728085725 0.0540999589598493 -0.0317548869246383 0.0220066155912382 0.0532991355922204 0.0044101996783803 0.0376305295141805 0.00719335521553494 0.0393672312480511 -0.020819555983134;-0.028811736962337 0.0177091086142033 -0.0241061103223873 -0.0123840478323222 -0.00283912907679542 -0.00531670181467 0.00792677392564633 -0.0216925790207639 -0.0624152889767229 -0.0262465897905189 -0.00450219069299006 -0.0140306321907667 -0.00214047092140675 0.00345430655187003 -0.00181388567970555 -0.0290271339851649 -0.0103077771953038 -4.81586150850987e-05 0.0027451671393491 0.00310038410413206 -0.0026939833439224 -0.0218011297184238 -0.00771527741947237 0.0343128297066793 -0.0133073482566029 -0.00803106296675918 -0.019321202364106 -0.00177603490327918 -0.00410263638484202 -0.0109590299391746 -0.0330994800393819 0.00352076377309244 0.00634694843199466 -0.0252080269809169 0.0324921209314706 -0.0142865875384982 0.0154836462926016 -0.0322868135061622 0.0762354409502462 -0.0478020851450619 -0.0117493959228275 -0.0292554851644014 -0.019858673746655 -0.0187844034957854 -0.044691026083342 -0.00102236176019056 -0.0152403431061493 -0.0216023102325164 -0.0237457621751616 -0.0232750137711941;-0.023234360498029 -0.0117636805648897 0.00263403470237172 -0.0415174602792443 0.0109149117239462 -0.00831788352964163 -0.0710425558818399 0.0233412710263295 0.09992544477748 0.0645978250975006 -0.0448072327614717 -0.0267517443001635 -0.0362706628797274 -0.00577269902146273 0.00883358960952143 0.106778000832054 0.108073800550947 -0.00190530417610153 -0.0293128896346496 0.0128248297118152 -0.0349491315459111 -0.00496615487264732 0.0249213921787284 -0.030550896484719 0.019483239235024 -0.00828705003300286 -0.0392540440469557 -0.0590505306107622 -0.013272131688828 -0.0675399410180673 -0.00846045564707206 -0.0202760386911374 -0.0192661543960775 0.0474115641592823 -0.014414795063065 0.0251392125441148 0.00167711686092475 0.0422428908162111 -0.0478020851450619 0.191839089619805 -0.0149210622686883 0.0769083405740058 -0.0699963626959056 -0.0015751009213509 0.0908094552861731 -0.00673535059000432 0.0484060154185305 0.0137946780440842 0.0410350340528131 -0.0357882432381212;0.0264565895961408 0.0130935842205307 0.0108154696375435 -0.0179753402305477 0.00251806451025492 -0.0218803198427551 -0.00873526228648732 0.0274058984366675 0.0249417944339391 -0.00646949502686623 0.00979456551648514 0.0131860365815116 0.0212434181740073 -0.00205934133365971 0.00777089535436457 0.0125557477794098 0.0237834247532867 -0.0134661635191512 -0.0267217579332247 0.00770885194141085 -0.00217798901312268 0.0107759922754326 -0.00602914315290273 0.0228836451966989 0.0113366026460074 0.0152767089892671 -0.0210348036932121 0.00779812818338588 -0.0187734291660576 -0.0164149138438281 0.012002313126759 0.0178731066101464 -0.00498957535056585 0.0312916176786745 -0.0181062574559762 0.0220875371239164 0.00710893749761095 0.0159396728085725 -0.0117493959228275 -0.0149210622686883 0.109018745194441 -0.023272930399252 0.0179722142590317 0.0319650508413685 0.0309257193563713 0.015683773995114 0.0101643958189719 0.0193035426591365 0.0222746991882096 0.0101974697435912;0.000453392568972167 0.0013549859774078 0.016821907200845 -0.0509156126446485 0.00688100850254083 -0.032268955277016 -0.0912409668841909 0.0672046374338813 0.191383586359437 0.101821766069337 -0.0347980427936622 0.000710014863822465 0.00440233447667631 0.0282041386375977 0.0478972089894811 0.174699329432472 0.165322309409838 0.000867900303908829 -0.0513341451706345 0.00357349654240094 -0.0428414253978697 -0.0020990615002194 0.0430764075785347 -0.00314225651746307 0.0459891571815163 -0.0268340673537628 -0.065621702797607 -0.0498358985521403 -0.0134870863793805 -0.0776784559268038 -0.0377192608669215 -0.0147769037179958 -0.0181900130953858 0.0779757198136405 -0.0171250216672533 0.0383987831872344 0.016187175599417 0.0540999589598493 -0.0292554851644014 0.0769083405740058 -0.023272930399252 0.238313565814101 -0.184732266174381 0.0611952892821133 0.11686774454418 0.0132940282057394 0.071529015122039 0.0222476218396229 0.0828213945085075 -0.0905485079104471;0.0916227955860345 -0.0101855750915314 0.0374995203950894 -0.0105919272810219 -0.0125316042534461 -0.0419887468558277 0.0659678468798125 -0.108931405853793 -0.273590331394902 -0.150097478068238 -0.00448207890398273 0.0266708072469305 -0.0612129377725256 -0.113091498034213 -0.0671722030716842 -0.253617684189003 -0.183424087997454 -0.0153935579864771 -0.0287004080170185 0.0520187443283302 0.0868579027681727 0.084151252164124 -0.0532493418011343 -0.0491894376733374 -0.0380892807097094 0.0692227753250187 0.0170947120010887 0.062213978910178 -0.0840391943229574 -0.00805648019656168 0.173925490669691 0.0545693550417586 -0.0535135175702418 -0.0378994835214954 -0.044501561234847 0.00342299898355272 -0.0464055042823697 -0.0317548869246383 -0.019858673746655 -0.0699963626959056 0.0179722142590317 -0.184732266174381 0.931812149011659 -0.094326636322631 -0.0457611879511206 -0.023505600363987 -0.0934631067906919 0.0282125446252833 -0.0531675018050872 0.184670146032604;0.00846404446506498 0.0770381814689722 -0.122188741285735 -0.0328353885991864 0.0352955807046388 -0.0801167139519776 0.0650804099510461 0.0173383516928865 0.0596909970766891 -0.0327845931693055 0.0265381945721894 -0.038499084879434 -0.0126857484749884 -0.13494104546129 -0.00112787954483529 -0.023001275995808 0.0519664697909646 -0.0748309876316348 -0.105192033288402 0.000189088399821669 -0.00631175939676808 0.185634645138192 -0.0222412442625077 -0.0320880406631301 0.0709910196666376 0.0211997525612033 -0.0692272743276375 -0.08591553263694 -0.0917521842423822 -0.0650671894503932 0.0251440106846715 -0.0159771513000811 0.0551570106104689 0.0231506933481021 -0.0226652226284587 0.00455627886838163 -0.00762445546275787 0.0220066155912382 -0.0187844034957854 -0.0015751009213509 0.0319650508413685 0.0611952892821133 -0.094326636322631 0.532338814492826 -0.0660441029701174 0.15317323900611 -0.0245560516425622 0.0781926873663582 0.0254496255810113 0.0819290005169099;-0.0221579799783148 -0.0408660862905449 0.113487854159734 -0.0254516173483756 0.00548271140705749 -0.0395333844129604 -0.157104435014224 0.0770208316190924 0.137854702321149 0.0416341290666229 -0.0632136682986245 -0.0188609605923796 0.0268121726924614 0.0245962569978939 -0.011049620607826 0.118736545729143 0.106552300578414 -0.020196310294328 -0.0582368992396571 0.0143884734555145 -0.0250376505766263 -0.0454292932118012 0.000742925586960754 0.0305065037893222 0.0100606303142089 0.00866699927951384 -0.044256374795221 -0.0287591540209158 -0.0748248775869081 -0.0827314440916322 0.00645055211758579 0.0110982373853399 -0.0200344254160364 0.0957300218724783 -0.0488973512431283 0.0664006460717649 0.0214163732745077 0.0532991355922204 -0.044691026083342 0.0908094552861731 0.0309257193563713 0.11686774454418 -0.0457611879511206 -0.0660441029701174 0.281129593899046 -0.0459279869001771 0.107572537779015 0.0347069196172955 0.124409807462528 -0.0684536592362626;-0.00890368101739307 0.0797261509240196 -0.0851071432886255 -0.00201753561027633 -0.010553509648045 -0.0661248090870455 0.0324590915946987 -0.0230700315191766 -0.00664735145720196 -0.0147540086262035 0.010387633068615 0.000445373030061521 -0.00815258913748318 -0.0692827223759344 0.00270054299091501 -0.0488223579861049 -0.0147328893885883 -0.0421264474492963 -0.0780050107745894 -0.031753631694751 -0.0211414355227145 0.126214630501195 -0.00226405009787605 -0.0224060776548045 0.0395948458760709 0.00214786229043725 -0.0164512853191674 -0.0847164909557286 -0.0913651695449723 -0.0508970726629282 -0.00577603705678052 -0.00363961406482142 0.0544930359890567 0.00597845075468979 -0.00834915204766895 -0.00758101608916402 0.00313438323446956 0.0044101996783803 -0.00102236176019056 -0.00673535059000432 0.015683773995114 0.0132940282057394 -0.023505600363987 0.15317323900611 -0.0459279869001771 0.255977498236184 -0.0545037494305592 0.061745436302896 0.000160206497839738 0.0595313185125584;0.0108756766809087 -0.0295359977625111 0.0510740001409482 -0.0614577484831851 0.0210941661322058 -0.00201451518257263 -0.0629300346391578 0.098422951453676 0.134821749661848 0.0652488096479129 -0.00513437970295142 0.00946482162647503 0.0159964001785823 0.0556704202015804 0.0346485903592621 0.16366289395905 0.184237842970604 0.016379908785101 -0.0138183939414554 0.0298497692081247 -0.0182426846595813 -0.0701818678177582 0.0136720560281169 0.0412042369812785 0.0123895641317253 0.0137918203888944 -0.06381830899508 0.021919676381465 0.0465785283294393 -0.0366429739609552 -0.0108282259917331 0.00908595757914604 -0.0423973080501013 0.0597014218814979 -0.00660614580795075 0.0451290794782142 0.0025814434561123 0.0376305295141805 -0.0152403431061493 0.0484060154185305 0.0101643958189719 0.071529015122039 -0.0934631067906919 -0.0245560516425622 0.107572537779015 -0.0545037494305592 0.172707961442589 -0.0494663030545193 0.0846164696180883 -0.0697364381038927;-0.0249213345889351 0.0446901064301343 -0.0187283323098586 0.0259288926318687 -0.0220583842204838 -0.0573697604266532 -0.0450883265443336 -0.0734520079085775 -0.05595632694858 -0.0581098819614285 -0.0459063349717432 -0.0400994279624084 -0.00691808357948301 -0.0717150334165891 -0.0423369419032648 -0.111467127775745 -0.129489232354311 -0.0524126250002364 -0.0628644754940129 -0.0154373242887927 -0.0236456217485797 0.0931619363389669 -0.00666235295967833 -0.0312943651942795 0.00159503693083307 -0.00666476569374581 0.0141392927831197 -0.10156611262086 -0.155177038940519 -0.0640927797470957 0.0130533849170494 -0.00993264149072354 0.0669885015666709 0.0141928768167868 -0.0321590904150626 -0.00694099660593746 0.0233673949702511 0.00719335521553494 -0.0216023102325164 0.0137946780440842 0.0193035426591365 0.0222476218396229 0.0282125446252833 0.0781926873663582 0.0347069196172955 0.061745436302896 -0.0494663030545193 0.169057952337557 -0.0668343664172306 0.0470853180325001;0.0248997866735805 -0.0974035333242634 -0.113697578919018 -0.0247345296316 0.0401751785596156 -0.037484136481917 -0.00597353837038518 0.153846209423022 0.350590338441646 0.302884742468338 0.0136922237234453 0.0680043815544572 0.0587706239449233 0.0178479716214668 0.0838439637744055 0.356951713753531 0.358415829842404 0.00854316441141079 -0.0728597672193094 -0.0572071833321551 0.0302931720294547 -0.0639781796225228 -0.000708127586704726 0.0632452728409559 0.118220269383172 0.0227988347138624 -0.0664542994532433 -0.0889212054097292 0.00899663253922493 -0.0433087554993933 0.0220670908798974 0.157039629121776 -0.00762479325656125 0.0703144043312586 -0.0217548915107017 0.0536776090497463 -0.0116768509579265 0.0393672312480511 -0.0237457621751616 0.0410350340528131 0.0222746991882096 0.0828213945085075 -0.0531675018050872 0.0254496255810113 0.124409807462528 0.000160206497839738 0.0846164696180883 -0.0668343664172306 0.921684043620774 0.293155719018203;0.09258791788827 -0.06812675895966 -0.0682599159726568 8.7251079138478e-05 0.00830171632423244 -0.0336527737313744 -0.0659919279161685 0.0215219693593033 0.152788659188319 0.230234589797429 0.101980315134542 -0.00228706819311723 0.0465243044186358 -0.0244399623104742 0.0912852073030272 0.175708197171882 0.0308314919711611 0.0448191284860479 -0.0144908025357675 -0.0267100613418277 0.0978422757549613 -0.164555528722215 -0.0443373413050991 -0.181237685646867 0.0525392285354242 0.238810022619644 0.124907239569962 -0.0996962947213398 -0.219234247092698 0.10642312784505 0.3097790018565 0.183909910912922 0.0177329268367602 -0.0133174947842644 -0.0365371196552444 -0.0240201359061087 -0.0555197818466971 -0.020819555983134 -0.0232750137711941 -0.0357882432381212 0.0101974697435912 -0.0905485079104471 0.184670146032604 0.0819290005169099 -0.0684536592362626 0.0595313185125584 -0.0697364381038927 0.0470853180325001 0.293155719018203 2.83059806591698]

Dcheck =[0.0623285771214068 0.0101181392275005 0.0343372552337632 0.0292944519034892 0.0445956052846981 0.058919012925695 0.0929281770347319 0.110805480284231 0.133749496744049 0.147228012204522 0.20507851035922 0.184082913162625 0.286955337041744 0.410341333009901 0.536797325653636 1.10747034711879 1.00254908716263 1.33677926348966 1.81614466306955 1.76879865336514 2.14686835478407 1.68236854189625 2.00361485162854 1.75881627016908 1.74161928237597 2.15507005136718 2.50121871171707 2.32535795847752 2.27995308040247 2.2154688444278 2.65429893072081 2.04238063755648 1.7762491267147 2.49418706683927 1.01268884393669 0.963817973428016 1.08282736274526 0.364884730391577 0.740803603819103 1.08613538331992 0.287994024585782 0.28163366102307 2.22121050790289 1.69422435378373 3.23975291215842 0.705569090580909 3.40744792733625 6.44491080513619 0.965201394673702 3.75093731310658]

